# opus stage2 label
168
27985 -47.8561 -44.3671 -18.2984 1
27991 -39.4921 -45.2587 -17.9394 1
27992 -41.8118 -44.8161 -18.1260 1
27993 -43.5288 -44.1854 -19.0594 1
27994 -44.9769 -44.5779 -18.4843 1
27995 -46.7017 -45.1415 -18.3444 1
27996 -48.7381 -45.9629 -18.3470 1
28985 -41.9341 -43.0614 -16.3755 1
28986 -43.5317 -42.6793 -17.4198 1
28987 -44.9124 -43.1821 -17.0695 1
28988 -46.5072 -43.3710 -17.2445 1
28996 -40.0365 -44.2708 -17.4066 1
28997 -41.2421 -44.0849 -17.2275 1
28998 -42.9268 -43.3341 -18.2210 1
28999 -44.2558 -43.3058 -18.4248 1
29000 -45.9443 -43.7351 -18.3246 1
29913 -41.9798 -42.0011 -13.6199 1
29914 -42.9505 -42.2849 -13.8469 1
29915 -44.1437 -42.3565 -14.2216 1
29921 -39.6837 -41.5465 -15.7738 1
29922 -40.4543 -42.1675 -15.9942 1
29923 -41.4867 -42.1666 -15.1135 1
29924 -42.4912 -42.6122 -14.9879 1
29925 -43.9704 -42.3883 -16.1468 1
29926 -45.3308 -42.6506 -15.9546 1
29935 -39.7759 -43.1509 -16.4711 1
29936 -40.8188 -43.1338 -16.5018 1
30751 -40.7392 -40.6461 -9.1235 1
30752 -41.4361 -40.8656 -9.0573 1
30753 -42.0662 -40.8807 -9.1991 1
30775 -41.1057 -40.8032 -9.8360 1
30776 -41.7314 -40.8860 -9.7269 1
30777 -42.2794 -40.7116 -10.1239 1
30778 -43.9001 -40.9101 -10.8239 1
30797 -41.0154 -40.7718 -10.6857 1
30798 -41.7646 -40.6207 -10.7689 1
30799 -43.5477 -40.7197 -11.5979 1
30800 -44.6021 -40.9424 -11.9867 1
30816 -42.2441 -40.7464 -11.8466 1
30817 -43.0938 -41.0369 -12.1272 1
30818 -44.0852 -41.2401 -12.4750 1
30827 -41.2256 -41.5068 -13.4708 1
30828 -42.5380 -41.4033 -12.7031 1
30829 -43.5607 -41.5619 -13.0473 1
30830 -44.6866 -41.9027 -13.5236 1
30839 -39.1872 -40.3534 -15.3760 1
30840 -40.6445 -41.5340 -14.8036 1
31672 -39.5493 -39.2531 -8.0851 1
31673 -39.9898 -39.9006 -8.1874 1
31674 -40.6253 -40.4922 -7.8738 1
31675 -41.2854 -40.6854 -7.8437 1
31676 -42.0177 -40.7395 -7.9974 1
31677 -42.9295 -40.5503 -8.2723 1
31694 -40.3358 -40.3186 -8.5898 1
31695 -41.0238 -40.7815 -8.3847 1
31696 -41.7521 -40.8554 -8.4124 1
31697 -42.6524 -40.7458 -8.8213 1
31698 -43.7521 -40.3389 -9.3135 1
31723 -42.9160 -40.4843 -9.9330 1
32662 -39.7593 -39.3381 -7.5005 1
32663 -40.4129 -39.9959 -7.2006 1
32664 -40.9400 -40.2439 -7.2347 1
32678 -40.2654 -40.0327 -7.5630 1
32679 -40.8426 -40.4038 -7.4472 1
32680 -41.4494 -40.4779 -7.6009 1
32681 -42.3987 -40.2234 -7.7272 1
32682 -43.1563 -40.3163 -8.0505 1
32683 -44.1922 -40.1429 -8.4444 1
32684 -45.1135 -40.1787 -8.9132 1
32686 -47.3741 -40.8830 -9.9636 1
32700 -43.9600 -40.3139 -8.6416 1
32705 -48.3353 -41.3481 -10.2582 1
33716 -39.2067 -38.6650 -7.4590 1
33717 -39.9581 -39.4095 -7.0840 1
33718 -40.4578 -39.8077 -7.1754 1
33719 -40.9837 -40.0026 -7.1210 1
33720 -41.5375 -40.0262 -7.3065 1
33732 -39.0391 -38.7341 -7.9918 1
33733 -41.6118 -40.2375 -7.4574 1
33734 -42.2727 -40.0389 -7.6034 1
33735 -43.3392 -40.1012 -8.0345 1
33736 -44.4900 -40.0765 -8.5390 1
33737 -45.3095 -40.1359 -8.9073 1
33738 -46.4824 -40.4245 -9.5997 1
33739 -46.9444 -40.6596 -9.7623 1
33740 -47.6656 -41.0708 -10.0132 1
33746 -48.5191 -41.4634 -10.3109 1
34694 -39.9263 -38.8732 -6.8930 1
34707 -39.9936 -39.1887 -6.9823 1
34708 -40.4037 -39.4247 -7.1039 1
34709 -40.8667 -39.6562 -7.1904 1
34710 -41.4797 -39.7788 -7.4240 1
34722 -42.1757 -39.8244 -7.7136 1
34723 -42.9690 -39.8491 -7.9938 1
34724 -43.9096 -40.0254 -8.2887 1
34725 -45.1165 -40.0869 -8.8262 1
34726 -46.1430 -40.2678 -9.2672 1
34727 -46.8016 -40.5221 -9.6038 1
34728 -47.4352 -40.8888 -9.9015 1
34735 -47.1219 -40.6252 -9.7033 1
34736 -47.9847 -41.0856 -10.1822 1
35626 -39.5450 -38.2486 -6.8338 1
35641 -40.1847 -38.9312 -7.0129 1
35642 -40.6858 -39.2371 -7.3456 1
35643 -41.2894 -39.3840 -7.6388 1
35658 -41.9424 -39.5478 -7.9723 1
35659 -42.8338 -39.7603 -8.2152 1
35660 -44.6355 -40.0529 -8.7076 1
35661 -45.5484 -40.0550 -9.0702 1
35662 -46.3609 -40.2568 -9.2832 1
35667 -43.3070 -39.8236 -8.5751 1
35668 -44.2988 -39.9650 -8.7318 1
35669 -45.1510 -39.9814 -8.9610 1
35670 -45.9430 -40.0987 -9.2569 1
35671 -46.6290 -40.3401 -9.3427 1
35672 -47.6438 -40.8941 -10.0261 1
36584 -39.4522 -37.7810 -6.7493 1
36605 -39.8926 -38.0550 -6.9769 1
36606 -40.4622 -38.7530 -7.4698 1
36607 -41.0614 -39.0720 -7.7972 1
36625 -40.4862 -38.6127 -7.7462 1
36626 -41.2013 -39.0733 -8.0528 1
36627 -42.1047 -39.5243 -8.4509 1
36637 -41.5228 -39.3306 -9.1801 1
36638 -42.7655 -39.7706 -9.1269 1
36639 -43.8213 -40.0105 -9.2120 1
36640 -44.7707 -40.2039 -9.2246 1
36641 -45.6503 -40.0952 -9.2856 1
36642 -46.2981 -40.1712 -9.3558 1
36649 -42.3013 -39.8163 -10.0550 1
36650 -43.2751 -40.3999 -10.0339 1
36651 -44.3533 -40.4210 -9.9006 1
36652 -45.3261 -40.4642 -9.9912 1
36653 -46.1838 -40.5247 -9.8468 1
36662 -41.9613 -39.9732 -11.0715 1
36663 -42.8597 -40.4770 -11.0664 1
36664 -43.9713 -40.5049 -10.7984 1
36665 -45.0691 -40.7886 -10.9819 1
37620 -39.4134 -37.4089 -6.7906 1
37621 -39.7104 -37.6135 -7.0539 1
37636 -39.9136 -37.9349 -7.6473 1
37637 -40.5148 -38.5820 -8.1484 1
37647 -39.9065 -38.0681 -8.3939 1
37648 -40.5885 -38.7061 -8.7392 1
37657 -41.0924 -39.3830 -10.3498 1
38674 -39.4706 -37.1292 -7.1997 1
38688 -39.3987 -37.2955 -7.9289 1
134527 -43.6998 -39.9199 -8.3587 1
134578 -41.5830 -41.2797 -12.5302 1
136229 -40.0141 -40.6834 -15.0202 1
140213 -46.8924 -40.6321 -9.8147 1
141024 -46.0968 -40.8138 -10.7707 1
141268 -42.9606 -39.9831 -7.8675 1
143102 -42.6956 -40.5031 -11.2924 1
144241 -45.7949 -40.2415 -9.1216 1
144408 -41.1664 -39.0573 -8.4650 1
144823 -40.1900 -38.6536 -7.0572 1
145076 -43.0713 -40.4726 -10.8329 1
145712 -40.1057 -38.1602 -7.2652 1
146146 -40.5780 -45.0370 -17.9931 1
149211 -39.8503 -38.3076 -6.9030 1
152591 -46.9620 -40.9743 -10.7188 1
155207 -42.2272 -40.4676 -7.8005 1
155556 -43.5175 -40.3737 -9.9142 1
155968 -41.2603 -40.8899 -11.5375 1
158468 -38.9937 -38.7429 -8.3441 1
159491 -39.5746 -39.3266 -8.4721 1
161165 -41.9457 -40.1179 -7.5168 1
