# Freesurfer label: sub-04 rnd4 tmax1 day2VA unionROI
168
27985 -44.174000 -46.269000 -12.821000 1
27991 -39.241000 -46.261000 -14.129000 1
27992 -40.749000 -46.371000 -13.921000 1
27993 -41.719000 -46.443000 -13.701000 1
27994 -42.689000 -46.546000 -13.540000 1
27995 -43.619000 -46.758000 -13.359000 1
27996 -44.408000 -47.050000 -13.082000 1
28985 -40.807000 -45.187000 -12.923000 1
28986 -41.832000 -45.295000 -12.713000 1
28987 -42.840000 -45.397000 -12.612000 1
28988 -43.799000 -45.549000 -12.518000 1
28996 -39.482000 -45.597000 -13.848000 1
28997 -40.307000 -45.724000 -13.591000 1
28998 -41.265000 -45.814000 -13.331000 1
28999 -42.276000 -45.901000 -13.162000 1
29000 -43.265000 -46.029000 -13.044000 1
29913 -41.086000 -44.107000 -11.694000 1
29914 -42.073000 -44.250000 -11.665000 1
29915 -42.986000 -44.428000 -11.630000 1
29921 -38.653000 -44.144000 -13.106000 1
29922 -39.380000 -44.604000 -12.969000 1
29923 -40.273000 -44.524000 -12.454000 1
29924 -41.417000 -44.660000 -12.275000 1
29925 -42.435000 -44.785000 -12.172000 1
29926 -43.377000 -44.932000 -12.114000 1
29935 -39.103000 -44.829000 -13.669000 1
29936 -39.864000 -45.084000 -13.262000 1
30751 -40.130000 -43.343000 -7.947000 1
30752 -41.004000 -43.347000 -7.933000 1
30753 -41.849000 -43.284000 -8.071000 1
30775 -40.500000 -43.462000 -8.685000 1
30776 -41.320000 -43.442000 -8.558000 1
30777 -41.956000 -43.450000 -8.837000 1
30778 -43.374000 -43.372000 -8.931000 1
30797 -40.359000 -43.499000 -9.483000 1
30798 -41.206000 -43.524000 -9.376000 1
30799 -42.918000 -43.568000 -9.745000 1
30800 -43.788000 -43.654000 -9.832000 1
30816 -41.508000 -43.614000 -10.287000 1
30817 -42.375000 -43.675000 -10.414000 1
30818 -43.214000 -43.800000 -10.490000 1
30827 -40.132000 -43.891000 -11.670000 1
30828 -41.781000 -43.774000 -11.071000 1
30829 -42.667000 -43.951000 -11.097000 1
30830 -43.487000 -44.173000 -11.110000 1
30839 -38.259000 -43.332000 -12.829000 1
30840 -39.356000 -44.117000 -12.355000 1
31672 -38.736000 -41.723000 -6.513000 1
31673 -39.238000 -42.356000 -6.831000 1
31674 -40.130000 -42.531000 -6.669000 1
31675 -41.082000 -42.490000 -6.695000 1
31676 -42.027000 -42.329000 -6.855000 1
31677 -42.979000 -42.189000 -6.934000 1
31694 -39.653000 -42.934000 -7.359000 1
31695 -40.597000 -43.022000 -7.269000 1
31696 -41.533000 -42.923000 -7.372000 1
31697 -42.540000 -42.822000 -7.592000 1
31698 -43.487000 -42.583000 -7.613000 1
31723 -42.594000 -43.268000 -8.418000 1
32662 -39.090000 -41.251000 -5.799000 1
32663 -40.003000 -41.332000 -5.629000 1
32664 -40.959000 -41.184000 -5.778000 1
32678 -39.615000 -41.908000 -6.181000 1
32679 -40.568000 -41.924000 -6.120000 1
32680 -41.515000 -41.773000 -6.277000 1
32681 -42.726000 -40.822000 -6.329000 1
32682 -43.320000 -41.422000 -6.646000 1
32683 -44.210000 -41.269000 -6.802000 1
32684 -45.044000 -41.247000 -6.888000 1
32686 -47.376000 -41.101000 -6.993000 1
32700 -43.853000 -42.018000 -7.130000 1
32705 -48.355000 -41.043000 -7.037000 1
33716 -38.552000 -40.459000 -5.508000 1
33717 -39.506000 -40.651000 -5.317000 1
33718 -40.404000 -40.570000 -5.390000 1
33719 -41.252000 -40.352000 -5.658000 1
33720 -41.990000 -40.099000 -5.917000 1
33732 -38.292000 -41.082000 -6.202000 1
33733 -41.903000 -40.917000 -6.054000 1
33734 -42.734000 -39.983000 -6.186000 1
33735 -43.632000 -40.452000 -6.471000 1
33736 -44.678000 -40.498000 -6.636000 1
33737 -45.400000 -40.668000 -6.728000 1
33738 -46.597000 -40.733000 -6.840000 1
33739 -47.295000 -40.262000 -6.823000 1
33740 -47.968000 -40.484000 -6.926000 1
33746 -48.815000 -40.296000 -7.188000 1
34694 -40.203000 -39.308000 -4.984000 1
34707 -39.908000 -39.962000 -5.066000 1
34708 -40.694000 -39.772000 -5.321000 1
34709 -41.450000 -39.525000 -5.634000 1
34710 -42.176000 -39.319000 -5.924000 1
34722 -42.851000 -39.071000 -6.226000 1
34723 -43.571000 -38.830000 -6.500000 1
34724 -44.323000 -39.503000 -6.500000 1
34725 -45.458000 -39.834000 -6.618000 1
34726 -46.538000 -39.849000 -6.715000 1
34727 -47.344000 -39.604000 -6.819000 1
34728 -48.004000 -39.833000 -6.943000 1
34735 -47.845000 -39.127000 -7.064000 1
34736 -48.656000 -39.447000 -7.364000 1
35626 -40.033000 -38.533000 -4.794000 1
35641 -40.860000 -38.898000 -5.305000 1
35642 -41.639000 -38.731000 -5.710000 1
35643 -42.278000 -38.514000 -6.109000 1
35658 -42.923000 -38.209000 -6.533000 1
35659 -43.631000 -38.175000 -6.790000 1
35660 -45.183000 -38.791000 -6.673000 1
35661 -46.126000 -38.982000 -6.757000 1
35662 -47.022000 -39.031000 -6.834000 1
35667 -44.121000 -37.790000 -7.221000 1
35668 -44.967000 -37.976000 -7.136000 1
35669 -45.844000 -38.146000 -7.066000 1
35670 -46.678000 -38.341000 -7.123000 1
35671 -47.469000 -38.503000 -7.351000 1
35672 -48.385000 -38.680000 -7.803000 1
36584 -40.301000 -37.655000 -4.958000 1
36605 -41.048000 -37.554000 -5.498000 1
36606 -41.733000 -37.915000 -5.950000 1
36607 -42.297000 -37.888000 -6.391000 1
36625 -42.019000 -37.316000 -6.441000 1
36626 -42.597000 -37.505000 -6.792000 1
36627 -43.268000 -37.571000 -7.127000 1
36637 -43.047000 -37.050000 -8.036000 1
36638 -43.836000 -37.339000 -7.909000 1
36639 -44.711000 -37.495000 -7.816000 1
36640 -45.593000 -37.594000 -7.706000 1
36641 -46.415000 -37.753000 -7.637000 1
36642 -47.072000 -37.991000 -7.619000 1
36649 -43.545000 -37.058000 -8.880000 1
36650 -44.388000 -37.251000 -8.687000 1
36651 -45.300000 -37.344000 -8.543000 1
36652 -46.196000 -37.430000 -8.417000 1
36653 -47.003000 -37.651000 -8.293000 1
36662 -43.378000 -36.890000 -9.861000 1
36663 -44.047000 -37.099000 -9.733000 1
36664 -44.948000 -37.255000 -9.552000 1
36665 -45.911000 -37.342000 -9.429000 1
37620 -40.551000 -36.917000 -5.225000 1
37621 -41.155000 -36.748000 -5.763000 1
37636 -41.686000 -36.570000 -6.465000 1
37637 -42.279000 -36.884000 -6.962000 1
37647 -41.986000 -36.243000 -7.275000 1
37648 -42.486000 -36.664000 -7.664000 1
37657 -42.915000 -36.693000 -9.271000 1
38674 -41.146000 -35.958000 -6.044000 1
38688 -41.509000 -35.697000 -6.817000 1
134527 -44.305000 -38.480000 -6.734000 1
134578 -40.871000 -43.694000 -10.981000 1
136229 -38.764000 -43.699000 -12.373000 1
140213 -47.708000 -38.048000 -8.062000 1
141024 -46.866000 -37.457000 -9.269000 1
141268 -43.416000 -39.573000 -6.359000 1
143102 -42.099000 -43.547000 -9.631000 1
144241 -45.967000 -40.476000 -6.736000 1
144408 -42.749000 -37.178000 -7.281000 1
144823 -41.213000 -38.250000 -5.521000 1
145076 -42.597000 -43.465000 -9.093000 1
145712 -41.555000 -37.216000 -5.999000 1
146146 -39.880000 -46.306000 -14.133000 1
149211 -40.709000 -38.175000 -5.202000 1
152591 -47.705000 -37.727000 -9.021000 1
155207 -42.426000 -41.600000 -6.484000 1
155556 -43.194000 -43.030000 -8.157000 1
155968 -40.638000 -43.559000 -10.179000 1
158468 -38.194000 -41.414000 -6.666000 1
159491 -38.703000 -42.114000 -7.002000 1
161165 -42.338000 -40.466000 -6.136000 1
