# Freesurfer label: sub-04 rnd5 tmax2 day2VA unionROI
182
55038 -44.500000 -19.537000 -2.562000 1
55064 -43.377000 -19.199000 -4.207000 1
55079 -43.383000 -19.267000 -5.181000 1
55090 -43.530000 -19.427000 -6.146000 1
55109 -44.230000 -19.155000 -7.868000 1
55122 -44.357000 -19.552000 -8.566000 1
55989 -43.681000 -18.919000 -3.428000 1
55990 -44.281000 -18.666000 -2.852000 1
55991 -45.836000 -18.871000 -2.676000 1
56003 -43.529000 -18.307000 -3.966000 1
56004 -43.841000 -18.224000 -3.380000 1
56005 -46.776000 -18.082000 -3.161000 1
56022 -43.471000 -18.449000 -4.811000 1
56035 -43.579000 -18.595000 -5.766000 1
56044 -43.819000 -18.747000 -6.653000 1
56045 -44.154000 -18.154000 -7.116000 1
56058 -44.399000 -18.372000 -7.809000 1
56069 -44.578000 -18.654000 -8.569000 1
56949 -45.089000 -18.097000 -2.806000 1
56950 -46.004000 -18.043000 -2.934000 1
56959 -43.804000 -17.615000 -3.739000 1
56960 -44.316000 -17.805000 -3.172000 1
56961 -45.576000 -17.234000 -3.154000 1
56962 -46.348000 -17.512000 -3.172000 1
56963 -47.065000 -17.421000 -3.356000 1
56975 -43.631000 -17.647000 -4.495000 1
56991 -43.665000 -17.786000 -5.409000 1
56992 -44.009000 -17.191000 -6.010000 1
57001 -43.870000 -17.972000 -6.327000 1
57002 -44.264000 -17.401000 -6.859000 1
57020 -44.502000 -17.601000 -7.638000 1
57032 -44.724000 -17.822000 -8.389000 1
57039 -44.945000 -18.047000 -9.091000 1
57938 -44.542000 -16.213000 -3.956000 1
57939 -45.718000 -16.218000 -3.365000 1
57940 -46.377000 -16.839000 -3.302000 1
57941 -47.176000 -16.592000 -3.443000 1
57955 -43.953000 -16.922000 -4.213000 1
57956 -44.243000 -16.268000 -4.808000 1
57973 -43.878000 -17.008000 -5.082000 1
57974 -44.241000 -16.417000 -5.710000 1
57985 -44.412000 -16.620000 -6.593000 1
58003 -44.631000 -16.815000 -7.417000 1
58004 -45.102000 -16.223000 -7.964000 1
58022 -44.871000 -16.998000 -8.229000 1
58972 -44.982000 -15.364000 -3.945000 1
58973 -45.532000 -15.389000 -3.558000 1
58974 -46.219000 -15.498000 -3.393000 1
58975 -47.127000 -15.624000 -3.442000 1
58976 -48.038000 -15.404000 -3.675000 1
58989 -44.600000 -15.501000 -4.622000 1
59011 -44.500000 -15.654000 -5.462000 1
59019 -44.598000 -15.835000 -6.338000 1
59020 -45.044000 -15.331000 -6.978000 1
59033 -44.787000 -16.066000 -7.174000 1
59034 -45.224000 -15.606000 -7.660000 1
59054 -45.680000 -15.420000 -8.489000 1
60084 -45.412000 -14.695000 -3.867000 1
60085 -45.850000 -14.108000 -3.718000 1
60086 -46.489000 -14.272000 -3.511000 1
60101 -44.946000 -14.661000 -4.563000 1
60102 -45.435000 -14.025000 -4.274000 1
60125 -44.899000 -14.324000 -5.420000 1
60126 -45.111000 -14.051000 -6.230000 1
60143 -44.818000 -14.949000 -6.081000 1
60144 -45.332000 -14.555000 -6.948000 1
60153 -45.690000 -14.267000 -7.676000 1
60176 -46.090000 -14.417000 -8.516000 1
60177 -46.349000 -13.592000 -9.018000 1
61067 -45.828000 -13.421000 -3.998000 1
61068 -46.290000 -13.654000 -3.691000 1
61069 -46.998000 -13.675000 -3.573000 1
61070 -47.915000 -13.784000 -3.723000 1
61084 -45.125000 -13.950000 -4.879000 1
61085 -45.432000 -13.357000 -4.675000 1
61096 -45.163000 -13.479000 -5.522000 1
61112 -45.286000 -13.361000 -6.319000 1
61129 -45.728000 -13.116000 -7.641000 1
61143 -45.958000 -12.973000 -8.490000 1
62008 -46.520000 -12.925000 -3.888000 1
62009 -47.486000 -12.988000 -3.815000 1
62023 -45.813000 -12.682000 -4.428000 1
62024 -46.356000 -12.041000 -4.292000 1
62025 -47.859000 -12.423000 -4.090000 1
62037 -45.382000 -12.647000 -5.140000 1
62048 -45.260000 -12.686000 -5.973000 1
62050 -51.987000 -12.582000 -6.671000 1
62068 -45.548000 -12.237000 -7.785000 1
62069 -52.630000 -12.475000 -7.206000 1
63045 -47.153000 -12.248000 -4.083000 1
63061 -45.835000 -10.900000 -5.007000 1
63062 -47.006000 -11.406000 -4.393000 1
63063 -47.772000 -11.796000 -4.311000 1
63064 -48.403000 -11.422000 -4.580000 1
63071 -45.362000 -11.205000 -5.541000 1
63072 -49.651000 -11.181000 -5.301000 1
63080 -45.239000 -11.875000 -6.551000 1
63081 -51.513000 -11.920000 -6.423000 1
63082 -52.089000 -11.809000 -6.902000 1
63098 -45.275000 -11.151000 -7.501000 1
63099 -52.564000 -11.565000 -7.439000 1
64016 -46.510000 -10.725000 -4.742000 1
64017 -47.354000 -10.649000 -4.716000 1
64018 -48.187000 -10.703000 -4.784000 1
64019 -48.949000 -10.952000 -4.935000 1
64027 -45.389000 -10.366000 -5.619000 1
64028 -48.728000 -10.217000 -5.189000 1
64029 -49.354000 -10.520000 -5.348000 1
64030 -49.991000 -10.530000 -5.753000 1
64031 -50.961000 -11.193000 -6.238000 1
64040 -45.131000 -10.824000 -6.398000 1
64041 -50.580000 -10.453000 -6.278000 1
64042 -51.306000 -10.579000 -6.811000 1
64043 -51.958000 -11.078000 -7.188000 1
64055 -51.743000 -10.356000 -7.490000 1
64056 -52.383000 -10.797000 -7.765000 1
64955 -45.943000 -10.095000 -5.096000 1
64956 -46.832000 -9.987000 -5.014000 1
64957 -47.842000 -9.913000 -5.075000 1
64968 -46.254000 -9.331000 -5.405000 1
64969 -47.178000 -9.236000 -5.303000 1
64970 -48.570000 -9.463000 -5.430000 1
64971 -49.389000 -9.775000 -5.631000 1
64972 -50.115000 -9.756000 -6.152000 1
64982 -45.215000 -8.988000 -7.267000 1
64983 -50.738000 -9.819000 -6.727000 1
64984 -50.890000 -9.300000 -7.284000 1
64997 -51.479000 -9.647000 -7.759000 1
64998 -52.054000 -10.099000 -8.161000 1
65010 -51.714000 -9.390000 -8.504000 1
65011 -52.412000 -9.822000 -8.840000 1
65858 -45.937000 -8.042000 -6.279000 1
65859 -46.593000 -8.456000 -5.718000 1
65860 -47.595000 -8.576000 -5.544000 1
65861 -48.368000 -8.751000 -5.588000 1
65862 -49.058000 -8.949000 -5.780000 1
65863 -49.656000 -9.139000 -6.083000 1
65877 -45.466000 -8.223000 -6.943000 1
65878 -49.465000 -8.311000 -6.231000 1
65879 -50.219000 -8.954000 -6.671000 1
65890 -50.618000 -8.592000 -7.378000 1
65891 -51.149000 -8.898000 -7.968000 1
65906 -52.028000 -9.209000 -9.267000 1
66811 -46.514000 -7.619000 -6.250000 1
66812 -47.320000 -7.826000 -5.863000 1
66813 -48.144000 -8.034000 -5.740000 1
66814 -48.785000 -8.323000 -5.835000 1
66827 -47.101000 -7.103000 -6.357000 1
66828 -47.958000 -7.268000 -6.080000 1
66829 -48.786000 -7.667000 -6.060000 1
66830 -49.418000 -7.450000 -6.493000 1
135329 -45.987000 -14.796000 -3.477000 1
135405 -45.465000 -12.839000 -6.857000 1
135650 -45.164000 -9.773000 -6.423000 1
136169 -45.198000 -9.972000 -7.564000 1
137254 -51.597000 -11.322000 -6.715000 1
137986 -45.685000 -11.791000 -4.850000 1
139190 -45.559000 -13.714000 -7.092000 1
139197 -45.932000 -13.697000 -8.064000 1
139569 -44.955000 -16.623000 -3.351000 1
140022 -44.693000 -15.002000 -5.228000 1
140534 -44.354000 -17.053000 -3.534000 1
140940 -50.115000 -7.852000 -6.995000 1
141850 -45.011000 -18.929000 -2.536000 1
142447 -45.722000 -8.727000 -5.973000 1
142979 -46.623000 -14.940000 -3.427000 1
144804 -45.080000 -15.934000 -3.575000 1
145037 -45.516000 -14.937000 -7.711000 1
145421 -47.750000 -11.180000 -4.517000 1
146897 -45.294000 -11.938000 -5.641000 1
146936 -47.933000 -9.179000 -5.342000 1
147359 -45.527000 -9.529000 -5.734000 1
152472 -43.903000 -19.418000 -2.887000 1
153992 -45.329000 -9.041000 -6.391000 1
154519 -44.777000 -18.555000 -9.135000 1
155157 -46.245000 -11.360000 -4.591000 1
155455 -51.256000 -9.918000 -7.187000 1
155614 -50.448000 -10.857000 -5.999000 1
155964 -44.845000 -17.346000 -3.125000 1
157831 -46.511000 -16.140000 -3.368000 1
160249 -45.160000 -11.454000 -6.004000 1
161463 -44.102000 -18.803000 -7.319000 1
