# Freesurfer label: sub-04 rnd1 tmax2 day1VB unionROI
140
26087 -44.612000 -48.223000 -12.308000 1
27049 -45.201000 -46.924000 -11.500000 1
27061 -45.079000 -47.276000 -11.968000 1
27071 -44.709000 -47.345000 -12.643000 1
27889 -51.064000 -46.935000 -7.861000 1
27906 -48.931000 -46.950000 -8.425000 1
27907 -50.054000 -46.864000 -7.802000 1
27908 -51.578000 -46.855000 -8.048000 1
27924 -47.020000 -46.614000 -9.179000 1
27925 -48.050000 -46.779000 -9.228000 1
27926 -49.503000 -47.326000 -8.983000 1
27927 -50.269000 -47.210000 -8.685000 1
27928 -50.927000 -46.995000 -8.455000 1
27939 -43.729000 -46.511000 -9.742000 1
27940 -44.720000 -46.610000 -9.939000 1
27941 -46.405000 -46.613000 -9.667000 1
27942 -47.340000 -46.631000 -9.830000 1
27943 -48.147000 -46.732000 -9.671000 1
27944 -48.927000 -47.076000 -9.403000 1
27945 -49.847000 -47.297000 -9.335000 1
27946 -50.540000 -47.097000 -9.070000 1
27958 -44.120000 -46.849000 -10.501000 1
27959 -45.078000 -46.786000 -10.783000 1
27960 -46.929000 -46.488000 -10.469000 1
27961 -47.675000 -46.550000 -10.124000 1
27962 -48.370000 -46.733000 -9.866000 1
27975 -45.647000 -46.677000 -11.600000 1
27976 -46.360000 -46.406000 -11.194000 1
27986 -44.941000 -46.522000 -12.441000 1
27987 -45.609000 -46.389000 -11.936000 1
27988 -46.056000 -46.101000 -11.717000 1
28906 -50.534000 -46.556000 -7.205000 1
28907 -51.374000 -46.436000 -6.929000 1
28908 -52.325000 -46.303000 -7.045000 1
28909 -52.996000 -45.890000 -7.219000 1
28928 -51.802000 -46.732000 -7.522000 1
28929 -52.214000 -46.421000 -7.668000 1
28942 -50.685000 -46.397000 -9.163000 1
28943 -51.175000 -46.687000 -8.625000 1
28944 -51.807000 -46.395000 -8.212000 1
28954 -48.431000 -46.184000 -10.150000 1
28955 -49.196000 -46.791000 -9.642000 1
28956 -50.029000 -46.771000 -9.574000 1
28965 -47.158000 -46.258000 -10.751000 1
28966 -47.836000 -46.366000 -10.277000 1
28974 -45.130000 -45.296000 -11.909000 1
28975 -45.895000 -45.528000 -11.694000 1
28976 -46.535000 -45.878000 -11.374000 1
28989 -44.714000 -45.761000 -12.381000 1
28990 -45.503000 -45.923000 -12.113000 1
29841 -50.104000 -44.453000 -5.679000 1
29842 -51.312000 -44.721000 -5.742000 1
29843 -52.499000 -44.954000 -5.929000 1
29844 -53.361000 -44.869000 -6.195000 1
29858 -49.695000 -45.204000 -6.156000 1
29859 -50.784000 -45.443000 -6.176000 1
29860 -51.926000 -45.675000 -6.343000 1
29861 -52.896000 -45.582000 -6.584000 1
29862 -53.508000 -45.126000 -6.761000 1
29872 -49.963000 -44.141000 -8.177000 1
29873 -51.330000 -44.488000 -8.193000 1
29874 -52.424000 -45.502000 -7.892000 1
29875 -53.401000 -44.968000 -7.306000 1
29883 -47.533000 -44.382000 -9.545000 1
29884 -48.505000 -44.638000 -9.332000 1
29885 -50.601000 -45.305000 -8.923000 1
29886 -51.426000 -45.894000 -8.626000 1
29894 -47.353000 -44.856000 -10.156000 1
29895 -48.123000 -45.241000 -9.998000 1
29896 -49.197000 -45.806000 -9.797000 1
29904 -44.879000 -44.282000 -10.883000 1
29905 -45.790000 -44.523000 -10.796000 1
29906 -46.703000 -44.833000 -10.602000 1
29907 -47.563000 -45.647000 -10.539000 1
29916 -43.830000 -44.589000 -11.612000 1
29917 -44.641000 -44.704000 -11.535000 1
29918 -45.480000 -44.854000 -11.419000 1
29919 -46.268000 -45.148000 -11.224000 1
29927 -44.272000 -45.103000 -12.040000 1
30728 -50.611000 -43.534000 -5.421000 1
30729 -51.978000 -43.972000 -5.554000 1
30754 -48.112000 -43.256000 -7.931000 1
30755 -49.165000 -43.255000 -7.679000 1
30756 -50.313000 -43.283000 -7.651000 1
30757 -51.463000 -43.411000 -7.831000 1
30758 -53.223000 -44.373000 -7.840000 1
30759 -53.897000 -44.227000 -7.504000 1
30779 -44.507000 -43.410000 -9.139000 1
30780 -45.583000 -43.346000 -8.862000 1
30781 -46.720000 -43.636000 -9.000000 1
30782 -47.797000 -43.800000 -8.766000 1
30783 -48.811000 -43.985000 -8.436000 1
30801 -45.370000 -43.728000 -9.692000 1
30802 -46.728000 -44.286000 -9.822000 1
30819 -46.007000 -44.172000 -10.143000 1
30831 -44.173000 -44.332000 -11.161000 1
31699 -44.358000 -42.485000 -7.718000 1
31700 -45.292000 -42.450000 -7.767000 1
31701 -46.783000 -42.560000 -7.716000 1
31702 -47.538000 -42.567000 -7.604000 1
31703 -48.484000 -42.509000 -7.420000 1
31704 -49.528000 -42.426000 -7.351000 1
31724 -43.961000 -42.976000 -8.311000 1
31725 -44.850000 -42.943000 -8.338000 1
31726 -46.146000 -42.925000 -8.151000 1
31727 -47.155000 -43.156000 -8.162000 1
32685 -46.599000 -41.421000 -7.081000 1
32701 -44.697000 -41.923000 -7.232000 1
32702 -46.153000 -42.091000 -7.413000 1
32703 -47.043000 -41.918000 -7.332000 1
32704 -47.915000 -41.805000 -7.224000 1
32706 -51.029000 -41.684000 -7.749000 1
134724 -46.899000 -45.564000 -10.978000 1
135018 -49.624000 -47.138000 -8.414000 1
135932 -45.383000 -46.407000 -9.394000 1
138993 -45.188000 -46.945000 -12.148000 1
139601 -51.798000 -42.675000 -7.947000 1
140738 -49.542000 -44.910000 -9.081000 1
141559 -53.779000 -43.392000 -7.947000 1
141773 -50.599000 -42.463000 -7.515000 1
142510 -49.846000 -41.622000 -7.312000 1
142881 -44.031000 -44.007000 -10.602000 1
143145 -48.873000 -41.711000 -7.166000 1
144213 -52.723000 -43.542000 -8.166000 1
144220 -46.089000 -43.794000 -9.517000 1
146448 -48.807000 -47.083000 -8.985000 1
147841 -45.746000 -46.697000 -10.194000 1
149391 -45.876000 -41.228000 -6.932000 1
150558 -52.331000 -44.332000 -8.078000 1
151356 -45.409000 -41.818000 -7.222000 1
153547 -50.050000 -45.909000 -9.409000 1
154194 -44.653000 -43.841000 -10.089000 1
154623 -46.572000 -46.620000 -10.245000 1
155444 -44.765000 -47.544000 -12.310000 1
156769 -45.335000 -44.087000 -10.330000 1
156958 -46.019000 -46.680000 -10.915000 1
157168 -50.370000 -45.960000 -6.635000 1
157882 -52.943000 -44.312000 -5.780000 1
159026 -45.454000 -42.930000 -8.277000 1
159773 -45.966000 -46.407000 -11.616000 1
