# Stage2 ROI 3
140
26087 -48.412159 -49.324341 -13.121810 1
27049 -48.181751 -49.254665 -12.077731 1
27061 -48.653816 -48.896873 -13.490365 1
27071 -49.480846 -47.289467 -16.758942 1
27889 -52.072178 -48.504196 -8.527407 1
27906 -49.274292 -49.072598 -8.270213 1
27907 -50.608555 -48.726551 -7.554901 1
27908 -53.498516 -49.391193 -9.692234 1
27924 -47.620842 -49.863235 -8.913810 1
27925 -48.755272 -49.897545 -9.250331 1
27926 -50.446278 -49.783710 -9.386782 1
27927 -51.498886 -49.523842 -9.329378 1
27928 -52.909424 -49.688667 -9.972029 1
27939 -44.970821 -49.353546 -8.646659 1
27940 -46.138165 -49.725300 -9.356388 1
27941 -47.167614 -49.713734 -9.474633 1
27942 -48.288658 -49.524803 -10.204505 1
27943 -49.197563 -49.396076 -10.441854 1
27944 -50.164146 -49.717152 -9.966383 1
27945 -51.445297 -49.627499 -10.297668 1
27946 -52.759449 -49.605503 -10.764849 1
27958 -46.231865 -49.864723 -9.646848 1
27959 -47.379681 -49.726513 -10.712520 1
27960 -48.877682 -48.425816 -12.074998 1
27961 -49.034050 -48.349739 -12.009109 1
27962 -50.040550 -48.696613 -11.956837 1
27975 -49.757484 -48.119473 -14.524899 1
27976 -49.919598 -47.260124 -14.590170 1
27986 -49.587811 -45.793472 -17.516733 1
27987 -50.066319 -46.845741 -16.235563 1
27988 -50.239033 -46.158985 -16.146894 1
28906 -51.196430 -48.184464 -6.879854 1
28907 -52.277214 -47.707623 -6.637236 1
28908 -53.478100 -47.577278 -7.311129 1
28909 -55.258476 -47.649940 -8.224937 1
28928 -52.938480 -48.196980 -8.136693 1
28929 -54.399010 -48.644958 -9.082607 1
28942 -53.396629 -48.711327 -12.184946 1
28943 -53.446705 -49.302719 -10.891387 1
28944 -54.114330 -48.613583 -10.352807 1
28954 -50.842049 -46.538223 -13.301977 1
28955 -50.816204 -48.154858 -11.498775 1
28956 -51.766888 -48.201988 -11.673717 1
28965 -50.322781 -46.746735 -14.295114 1
28966 -50.314587 -47.066555 -13.477777 1
28974 -48.445053 -43.230587 -16.560705 1
28975 -49.563499 -44.222675 -16.420204 1
28976 -50.654213 -45.640224 -16.015100 1
28989 -48.357506 -43.786144 -17.480927 1
28990 -49.433865 -44.940182 -16.810051 1
29841 -50.865223 -45.701889 -4.254838 1
29842 -52.278564 -45.745991 -4.564662 1
29843 -53.846508 -46.032570 -4.846074 1
29844 -54.883949 -45.769611 -5.889555 1
29858 -50.323128 -46.813828 -4.942789 1
29859 -51.641998 -46.755333 -5.222493 1
29860 -53.114834 -46.942917 -5.419893 1
29861 -54.267555 -46.699284 -6.471291 1
29862 -55.924568 -46.623936 -7.391135 1
29872 -52.755104 -44.412575 -13.974064 1
29873 -54.288090 -45.855583 -14.082581 1
29874 -55.168755 -47.413208 -10.650907 1
29875 -55.848564 -46.480255 -8.838171 1
29883 -50.131866 -43.608231 -13.962071 1
29884 -51.547104 -44.265785 -14.464330 1
29885 -53.329559 -46.481670 -13.183143 1
29886 -54.234699 -48.200314 -12.278465 1
29894 -50.713169 -43.808231 -14.949708 1
29895 -51.580959 -44.691185 -14.864512 1
29896 -51.665428 -46.258530 -13.308659 1
29904 -46.819389 -42.094532 -14.090412 1
29905 -48.532509 -42.725494 -14.765701 1
29906 -50.148289 -43.486229 -15.245426 1
29907 -51.285988 -45.287750 -15.152669 1
29916 -45.825394 -42.179131 -15.121165 1
29917 -47.124603 -42.368095 -15.505049 1
29918 -48.288414 -42.771671 -15.468422 1
29919 -49.972065 -43.795521 -15.978403 1
29927 -47.058022 -42.683987 -16.488800 1
30728 -51.589111 -44.426208 -3.718380 1
30729 -53.182095 -44.777264 -4.160494 1
30754 -49.497490 -42.449478 -11.242479 1
30755 -50.326698 -42.773727 -11.143701 1
30756 -52.320305 -43.815575 -13.346312 1
30757 -54.288925 -44.928501 -13.720283 1
30758 -56.064793 -46.031918 -11.105137 1
30759 -56.308342 -45.450577 -9.106796 1
30779 -45.237358 -40.960361 -11.426618 1
30780 -46.427162 -41.057228 -11.445007 1
30781 -48.145893 -42.216537 -12.149259 1
30782 -50.096931 -43.068851 -13.335448 1
30783 -51.273651 -43.848969 -13.394109 1
30801 -46.517303 -41.377102 -12.323075 1
30802 -49.226688 -43.037846 -13.882829 1
30819 -47.878368 -42.409184 -13.357334 1
30831 -45.834061 -42.005783 -14.153958 1
31699 -44.651714 -40.368935 -9.698826 1
31700 -45.689560 -40.583813 -10.097601 1
31701 -47.424271 -41.103096 -10.559662 1
31702 -48.318443 -41.435493 -10.656468 1
31703 -49.289948 -42.034195 -10.540261 1
31704 -50.134838 -42.682896 -10.933710 1
31724 -44.389320 -40.592133 -10.380299 1
31725 -45.392971 -40.695789 -10.541693 1
31726 -46.903339 -41.029537 -10.873222 1
31727 -48.280392 -41.940445 -11.271992 1
32685 -46.711788 -40.628345 -9.837974 1
32701 -44.852287 -40.230190 -9.231379 1
32702 -46.493374 -40.702862 -10.055594 1
32703 -47.411209 -41.037552 -10.169973 1
32704 -48.302654 -41.334675 -10.263411 1
32706 -52.826080 -43.997448 -13.561619 1
134724 -50.975510 -44.937576 -15.870604 1
135018 -50.122456 -49.105186 -8.444959 1
135932 -46.251953 -49.729038 -8.699648 1
138993 -49.513058 -47.624813 -15.703548 1
139601 -54.559471 -44.438637 -13.544757 1
140738 -52.516140 -45.246761 -14.169869 1
141559 -56.619488 -44.816727 -10.381408 1
141773 -52.491653 -43.869587 -13.355383 1
142510 -50.360016 -42.721367 -11.268894 1
142881 -45.218006 -41.707729 -13.044659 1
143145 -49.221966 -41.922588 -10.521329 1
144213 -56.218437 -45.496960 -13.122692 1
144220 -47.467323 -42.100559 -12.347694 1
146448 -49.530018 -49.786076 -9.252532 1
147841 -47.175930 -49.674984 -10.208047 1
149391 -45.921089 -40.269142 -9.452685 1
150558 -55.679398 -46.095531 -13.078030 1
151356 -45.595535 -40.293884 -9.579533 1
153547 -52.540581 -46.991585 -12.836386 1
154194 -45.797897 -41.543488 -12.604107 1
154623 -47.972622 -49.501457 -10.779110 1
155444 -49.390530 -48.387058 -14.965363 1
156769 -46.877686 -42.135490 -13.153953 1
156958 -48.391857 -48.857685 -11.935587 1
157168 -51.083008 -47.527027 -5.886730 1
157882 -54.357548 -45.311405 -4.505545 1
159026 -46.080677 -40.920849 -10.701065 1
159773 -49.826977 -47.119267 -15.289162 1
