# stage2_3 (non-target) roi 2
160
30739 -56.2859 -45.9180 -6.8075 1
30740 -56.6032 -45.3314 -6.8212 1
31655 -51.0083 -42.8601 -3.3370 1
31656 -53.2178 -43.4371 -3.5250 1
31657 -55.4721 -43.2167 -4.7754 1
31658 -56.6539 -43.8843 -6.0288 1
32665 -52.4579 -42.1865 -3.2027 1
32666 -53.8221 -42.0024 -3.7959 1
32667 -55.6413 -41.8089 -4.6182 1
33721 -51.9516 -40.6710 -3.5328 1
33722 -53.4541 -40.6303 -3.8284 1
34697 -49.6924 -38.8543 -2.5837 1
34698 -50.7673 -38.6669 -3.4733 1
34711 -52.0009 -38.4366 -4.0295 1
34712 -53.1885 -39.3109 -3.9269 1
34713 -53.8249 -39.4360 -4.5218 1
34765 -57.4542 -40.4056 -14.9596 1
35631 -49.4791 -37.9321 -2.4527 1
35632 -50.5174 -37.6385 -3.3754 1
35644 -52.0993 -37.0789 -3.7852 1
35645 -52.7742 -37.3362 -4.3917 1
35646 -53.4816 -37.7680 -5.0945 1
35663 -53.2964 -36.6263 -5.3065 1
35664 -54.1439 -37.5584 -5.9905 1
35705 -56.9425 -39.8465 -15.4878 1
36587 -49.3585 -37.0722 -2.2780 1
36588 -50.3256 -36.7563 -3.2569 1
36608 -51.1647 -35.4492 -3.7087 1
36609 -51.6247 -36.2326 -3.8289 1
36610 -52.1323 -36.5435 -4.6079 1
36628 -51.8508 -35.6160 -4.5676 1
36629 -52.8953 -35.8397 -5.2484 1
36630 -53.8954 -37.0776 -6.3692 1
36643 -53.4997 -36.4855 -8.2609 1
36644 -53.9280 -37.1664 -7.8842 1
36654 -54.1715 -36.8633 -10.4316 1
36655 -55.1209 -37.8220 -11.0133 1
36668 -55.2613 -36.8231 -12.4136 1
36669 -56.6895 -38.1676 -14.2025 1
36683 -55.8226 -37.6213 -14.5879 1
36684 -56.0410 -39.5700 -16.1301 1
37601 -47.8668 -35.9730 -1.7376 1
37603 -49.7930 -35.2295 -2.7290 1
37604 -50.7029 -34.7953 -3.5450 1
37622 -51.5355 -34.5560 -4.4926 1
37638 -52.2913 -35.1766 -5.4083 1
37639 -52.8747 -35.8061 -6.5565 1
37649 -51.6912 -34.5610 -5.8507 1
37650 -52.2685 -35.2047 -6.8238 1
37651 -52.8170 -35.8150 -7.9291 1
37658 -52.2555 -35.4413 -8.5854 1
37659 -53.5438 -35.9496 -9.4445 1
37671 -51.5288 -34.9052 -9.3922 1
37672 -53.0478 -35.3608 -10.1328 1
37673 -53.7270 -36.0422 -10.7250 1
37683 -52.9544 -35.0621 -11.1685 1
37684 -54.4707 -35.9025 -12.5134 1
37688 -54.9396 -36.0558 -14.4855 1
37689 -55.1951 -37.2540 -14.8758 1
37698 -53.4823 -36.8921 -15.7373 1
37699 -50.2875 -37.0631 -15.7103 1
37700 -51.9687 -36.4686 -15.7922 1
38640 -47.1426 -35.6899 -1.6191 1
38657 -48.9574 -34.9097 -2.4121 1
38675 -50.6870 -33.5916 -4.2431 1
38676 -50.8461 -34.1922 -4.0791 1
38689 -50.7079 -33.4817 -5.7048 1
38690 -51.1365 -34.0250 -4.9969 1
38698 -50.6237 -33.5190 -7.0282 1
38699 -51.0613 -34.0342 -6.4768 1
38707 -49.5924 -34.0664 -8.7262 1
38708 -50.2780 -34.4739 -8.9457 1
38719 -49.4310 -34.0407 -9.3999 1
38720 -50.9323 -34.5240 -10.0016 1
38730 -50.5910 -34.2453 -10.1960 1
38731 -52.7588 -34.5119 -11.8010 1
38732 -54.0498 -35.2500 -13.0038 1
38738 -53.4459 -34.5724 -13.1313 1
38739 -53.8867 -35.5734 -14.3321 1
38747 -47.6445 -37.4297 -15.5282 1
38748 -53.0198 -35.8149 -15.1886 1
38750 -47.4769 -35.8257 -16.0108 1
38751 -49.1539 -36.3609 -15.5837 1
38752 -50.8064 -35.8213 -15.6234 1
38753 -52.1315 -35.3983 -15.5199 1
39811 -50.1269 -33.1918 -3.8340 1
39827 -50.0356 -32.7467 -5.5210 1
39828 -50.2666 -33.0738 -5.0270 1
39836 -50.2466 -32.7872 -6.6424 1
39837 -50.3692 -33.1211 -6.2690 1
39847 -49.0534 -33.5692 -8.7296 1
39848 -50.0920 -33.2495 -7.6133 1
39862 -49.1521 -33.9244 -9.1834 1
39871 -50.4366 -33.8856 -10.3444 1
39872 -52.3724 -33.8848 -11.9468 1
39879 -52.2621 -33.3644 -12.1168 1
39880 -53.0884 -34.8556 -14.4915 1
39886 -52.5103 -34.3160 -15.3487 1
39888 -47.8189 -34.1565 -16.4644 1
39889 -49.8128 -34.7706 -16.0855 1
39890 -51.3289 -34.7861 -15.7637 1
40937 -49.5675 -32.4194 -4.8445 1
40938 -49.7958 -32.7692 -4.3845 1
40947 -50.0643 -32.4729 -5.9907 1
40958 -49.9917 -32.8527 -7.0573 1
40979 -49.1613 -33.3751 -8.5102 1
40980 -49.1147 -33.5146 -8.9259 1
40992 -49.6810 -33.3231 -9.6838 1
40998 -51.3451 -33.0888 -11.4464 1
40999 -52.5953 -33.0423 -13.2199 1
41004 -52.4930 -33.3351 -14.8107 1
41972 -49.9951 -32.4104 -5.9492 1
41984 -50.1036 -32.6709 -6.6072 1
42000 -49.9748 -32.9137 -7.5337 1
42018 -49.0198 -33.4501 -8.6764 1
42019 -49.4325 -33.3803 -9.4590 1
42032 -50.5544 -32.7580 -10.9317 1
42041 -52.1806 -32.6903 -12.6960 1
42042 -52.4101 -32.5727 -14.3521 1
42047 -52.1374 -32.5206 -16.1132 1
43049 -49.8810 -32.6749 -7.3368 1
43072 -49.9531 -32.8776 -7.8265 1
43091 -50.0740 -32.9080 -8.1526 1
43092 -50.1887 -32.8417 -9.1961 1
43106 -50.6168 -32.7152 -11.0542 1
43113 -52.1202 -32.3840 -13.0625 1
43114 -52.1321 -31.8885 -13.6609 1
43119 -52.2828 -31.3680 -15.6099 1
44109 -49.8217 -32.2860 -5.9600 1
44137 -50.1860 -32.7718 -8.5859 1
44138 -49.9954 -32.5489 -7.9537 1
44157 -50.5978 -32.6614 -10.0074 1
44158 -50.4429 -32.7593 -9.3872 1
44172 -50.7609 -32.4097 -10.6320 1
136611 -52.8358 -33.8708 -13.4904 1
139660 -54.3420 -44.2389 -4.1032 1
141402 -50.7342 -32.3018 -16.6567 1
142848 -49.0982 -33.7581 -8.9641 1
142900 -54.4170 -37.2218 -9.4530 1
143685 -49.3391 -32.0961 -5.0933 1
146457 -50.6524 -34.0983 -7.7967 1
146659 -49.3282 -33.6029 -16.3977 1
148396 -50.1006 -35.9252 -3.0450 1
149206 -47.4466 -34.6481 -1.5307 1
150691 -51.6061 -31.5631 -16.8328 1
150975 -51.5667 -34.6694 -7.4703 1
152525 -53.4052 -36.4515 -6.4224 1
153523 -53.3274 -38.3635 -4.4145 1
153563 -48.8890 -37.6147 -15.5006 1
153954 -50.0810 -34.1740 -3.4400 1
154090 -55.3979 -44.6625 -5.4626 1
154415 -55.1178 -41.2491 -4.2324 1
155025 -48.0154 -35.0850 -1.8297 1
156149 -55.9852 -37.5877 -12.6067 1
156820 -52.3787 -32.0143 -14.5711 1
158212 -54.4875 -42.9444 -3.9507 1
158358 -49.9009 -32.6869 -6.8776 1
158889 -49.2772 -36.2805 -2.4273 1
160072 -49.7459 -34.2926 -9.4387 1
160361 -49.8005 -33.0237 -7.6947 1
