# Stage2 ROI 1
160
30739 -56.285873 -45.917973 -6.807462 1
30740 -56.603207 -45.331352 -6.821187 1
31655 -51.008335 -42.860104 -3.336957 1
31656 -53.217831 -43.437126 -3.525029 1
31657 -55.472122 -43.216717 -4.775445 1
31658 -56.653862 -43.884315 -6.028764 1
32665 -52.457939 -42.186501 -3.202674 1
32666 -53.822140 -42.002392 -3.795892 1
32667 -55.641315 -41.808937 -4.618246 1
33721 -51.951569 -40.670982 -3.532801 1
33722 -53.454071 -40.630333 -3.828358 1
34697 -49.692390 -38.854309 -2.583726 1
34698 -50.767307 -38.666946 -3.473315 1
34711 -52.000946 -38.436649 -4.029482 1
34712 -53.188488 -39.310898 -3.926913 1
34713 -53.824905 -39.435989 -4.521814 1
34765 -57.454205 -40.405556 -14.959600 1
35631 -49.479130 -37.932129 -2.452741 1
35632 -50.517445 -37.638477 -3.375427 1
35644 -52.099323 -37.078880 -3.785193 1
35645 -52.774151 -37.336243 -4.391691 1
35646 -53.481583 -37.767994 -5.094506 1
35663 -53.296379 -36.626347 -5.306484 1
35664 -54.143894 -37.558392 -5.990487 1
35705 -56.942513 -39.846493 -15.487826 1
36587 -49.358501 -37.072227 -2.278021 1
36588 -50.325569 -36.756325 -3.256950 1
36608 -51.164661 -35.449177 -3.708653 1
36609 -51.624668 -36.232574 -3.828916 1
36610 -52.132336 -36.543488 -4.607911 1
36628 -51.850788 -35.616013 -4.567553 1
36629 -52.895302 -35.839684 -5.248388 1
36630 -53.895390 -37.077618 -6.369153 1
36643 -53.499657 -36.485470 -8.260932 1
36644 -53.928032 -37.166397 -7.884181 1
36654 -54.171467 -36.863274 -10.431597 1
36655 -55.120926 -37.822006 -11.013275 1
36668 -55.261272 -36.823078 -12.413612 1
36669 -56.689465 -38.167614 -14.202522 1
36683 -55.822609 -37.621334 -14.587851 1
36684 -56.041016 -39.570007 -16.130074 1
37601 -47.866776 -35.973003 -1.737632 1
37603 -49.793034 -35.229492 -2.728993 1
37604 -50.702881 -34.795349 -3.545028 1
37622 -51.535511 -34.555992 -4.492599 1
37638 -52.291317 -35.176613 -5.408264 1
37639 -52.874664 -35.806080 -6.556538 1
37649 -51.691242 -34.560959 -5.850675 1
37650 -52.268513 -35.204700 -6.823803 1
37651 -52.816978 -35.814995 -7.929064 1
37658 -52.255508 -35.441265 -8.585388 1
37659 -53.543823 -35.949574 -9.444473 1
37671 -51.528828 -34.905182 -9.392208 1
37672 -53.047768 -35.360764 -10.132827 1
37673 -53.726967 -36.042175 -10.724988 1
37683 -52.954414 -35.062111 -11.168530 1
37684 -54.470669 -35.902550 -12.513412 1
37688 -54.939629 -36.055752 -14.485469 1
37689 -55.195099 -37.254036 -14.875763 1
37698 -53.482315 -36.892059 -15.737296 1
37699 -50.287479 -37.063091 -15.710278 1
37700 -51.968704 -36.468613 -15.792191 1
38640 -47.142551 -35.689941 -1.619127 1
38657 -48.957367 -34.909683 -2.412140 1
38675 -50.686966 -33.591606 -4.243135 1
38676 -50.846058 -34.192192 -4.079103 1
38689 -50.707939 -33.481743 -5.704830 1
38690 -51.136459 -34.025009 -4.996899 1
38698 -50.623711 -33.518990 -7.028178 1
38699 -51.061279 -34.034168 -6.476794 1
38707 -49.592396 -34.066360 -8.726244 1
38708 -50.277950 -34.473869 -8.945743 1
38719 -49.430969 -34.040710 -9.399931 1
38720 -50.932343 -34.524010 -10.001612 1
38730 -50.590996 -34.245270 -10.195968 1
38731 -52.758839 -34.511894 -11.800954 1
38732 -54.049751 -35.249977 -13.003761 1
38738 -53.445889 -34.572372 -13.131277 1
38739 -53.886684 -35.573425 -14.332053 1
38747 -47.644451 -37.429668 -15.528217 1
38748 -53.019806 -35.814896 -15.188648 1
38750 -47.476933 -35.825729 -16.010824 1
38751 -49.153862 -36.360867 -15.583750 1
38752 -50.806374 -35.821278 -15.623420 1
38753 -52.131500 -35.398323 -15.519866 1
39811 -50.126862 -33.191811 -3.833952 1
39827 -50.035610 -32.746731 -5.520952 1
39828 -50.266582 -33.073780 -5.027037 1
39836 -50.246555 -32.787228 -6.642403 1
39837 -50.369152 -33.121143 -6.269011 1
39847 -49.053387 -33.569202 -8.729610 1
39848 -50.091957 -33.249489 -7.613279 1
39862 -49.152149 -33.924408 -9.183382 1
39871 -50.436619 -33.885643 -10.344358 1
39872 -52.372383 -33.884827 -11.946780 1
39879 -52.262066 -33.364380 -12.116783 1
39880 -53.088387 -34.855648 -14.491546 1
39886 -52.510269 -34.316036 -15.348687 1
39888 -47.818947 -34.156494 -16.464447 1
39889 -49.812840 -34.770630 -16.085499 1
39890 -51.328907 -34.786137 -15.763661 1
40937 -49.567451 -32.419388 -4.844478 1
40938 -49.795753 -32.769192 -4.384546 1
40947 -50.064262 -32.472858 -5.990671 1
40958 -49.991707 -32.852715 -7.057311 1
40979 -49.161346 -33.375080 -8.510187 1
40980 -49.114677 -33.514595 -8.925912 1
40992 -49.681011 -33.323135 -9.683810 1
40998 -51.345081 -33.088791 -11.446409 1
40999 -52.595276 -33.042328 -13.219944 1
41004 -52.493042 -33.335083 -14.810741 1
41972 -49.995098 -32.410446 -5.949164 1
41984 -50.103611 -32.670864 -6.607231 1
42000 -49.974785 -32.913670 -7.533663 1
42018 -49.019756 -33.450123 -8.676423 1
42019 -49.432468 -33.380318 -9.458993 1
42032 -50.554367 -32.758034 -10.931746 1
42041 -52.180626 -32.690250 -12.695952 1
42042 -52.410057 -32.572742 -14.352055 1
42047 -52.137421 -32.520588 -16.113213 1
43049 -49.880959 -32.674908 -7.336819 1
43072 -49.953068 -32.877605 -7.826535 1
43091 -50.074028 -32.908031 -8.152596 1
43092 -50.188675 -32.841694 -9.196054 1
43106 -50.616825 -32.715210 -11.054247 1
43113 -52.120209 -32.384045 -13.062495 1
43114 -52.132145 -31.888544 -13.660929 1
43119 -52.282791 -31.367962 -15.609879 1
44109 -49.821655 -32.286034 -5.959980 1
44137 -50.186035 -32.771751 -8.585925 1
44138 -49.995361 -32.548908 -7.953669 1
44157 -50.597813 -32.661438 -10.007420 1
44158 -50.442940 -32.759308 -9.387223 1
44172 -50.760887 -32.409733 -10.632048 1
136611 -52.835823 -33.870754 -13.490415 1
139660 -54.342041 -44.238926 -4.103236 1
141402 -50.734245 -32.301765 -16.656719 1
142848 -49.098240 -33.758099 -8.964134 1
142900 -54.417019 -37.221817 -9.452977 1
143685 -49.339085 -32.096123 -5.093290 1
146457 -50.652443 -34.098339 -7.796689 1
146659 -49.328156 -33.602859 -16.397661 1
148396 -50.100559 -35.925205 -3.044966 1
149206 -47.446632 -34.648121 -1.530695 1
150691 -51.606106 -31.563068 -16.832811 1
150975 -51.566662 -34.669449 -7.470321 1
152525 -53.405224 -36.451500 -6.422425 1
153523 -53.327450 -38.363533 -4.414467 1
153563 -48.888966 -37.614708 -15.500593 1
153954 -50.081032 -34.173969 -3.439952 1
154090 -55.397892 -44.662521 -5.462637 1
154415 -55.117790 -41.249092 -4.232377 1
155025 -48.015430 -35.085045 -1.829678 1
156149 -55.985210 -37.587704 -12.606668 1
156820 -52.378654 -32.014332 -14.571149 1
158212 -54.487488 -42.944389 -3.950678 1
158358 -49.900883 -32.686893 -6.877648 1
158889 -49.277153 -36.280540 -2.427319 1
160072 -49.745899 -34.292591 -9.438676 1
160361 -49.800503 -33.023689 -7.694721 1
