# Stage2 ROI 2
168
27985 -47.856129 -44.367138 -18.298437 1
27991 -39.492065 -45.258682 -17.939442 1
27992 -41.811794 -44.816113 -18.126020 1
27993 -43.528778 -44.185417 -19.059353 1
27994 -44.976871 -44.577888 -18.484276 1
27995 -46.701702 -45.141495 -18.344362 1
27996 -48.738075 -45.962875 -18.346956 1
28985 -41.934109 -43.061398 -16.375486 1
28986 -43.531654 -42.679310 -17.419773 1
28987 -44.912373 -43.182087 -17.069508 1
28988 -46.507175 -43.370975 -17.244514 1
28996 -40.036461 -44.270844 -17.406639 1
28997 -41.242065 -44.084896 -17.227524 1
28998 -42.926838 -43.334110 -18.221043 1
28999 -44.255829 -43.305805 -18.424789 1
29000 -45.944298 -43.735077 -18.324585 1
29913 -41.979836 -42.001137 -13.619890 1
29914 -42.950516 -42.284927 -13.846921 1
29915 -44.143749 -42.356487 -14.221569 1
29921 -39.683708 -41.546478 -15.773752 1
29922 -40.454300 -42.167500 -15.994230 1
29923 -41.486668 -42.166569 -15.113549 1
29924 -42.491192 -42.612236 -14.987885 1
29925 -43.970432 -42.388268 -16.146811 1
29926 -45.330837 -42.650597 -15.954645 1
29935 -39.775932 -43.150909 -16.471149 1
29936 -40.818771 -43.133827 -16.501816 1
30751 -40.739246 -40.646080 -9.123499 1
30752 -41.436066 -40.865643 -9.057304 1
30753 -42.066158 -40.880688 -9.199144 1
30775 -41.105732 -40.803207 -9.835966 1
30776 -41.731388 -40.885979 -9.726916 1
30777 -42.279446 -40.711620 -10.123925 1
30778 -43.900112 -40.910126 -10.823940 1
30797 -41.015442 -40.771816 -10.685665 1
30798 -41.764580 -40.620735 -10.768950 1
30799 -43.547707 -40.719707 -11.597864 1
30800 -44.602119 -40.942390 -11.986653 1
30816 -42.244148 -40.746368 -11.846573 1
30817 -43.093777 -41.036865 -12.127176 1
30818 -44.085194 -41.240086 -12.474964 1
30827 -41.225582 -41.506775 -13.470827 1
30828 -42.538025 -41.403259 -12.703112 1
30829 -43.560745 -41.561939 -13.047266 1
30830 -44.686607 -41.902683 -13.523646 1
30839 -39.187164 -40.353405 -15.376012 1
30840 -40.644508 -41.534042 -14.803635 1
31672 -39.549324 -39.253098 -8.085091 1
31673 -39.989807 -39.900631 -8.187374 1
31674 -40.625298 -40.492199 -7.873785 1
31675 -41.285446 -40.685368 -7.843657 1
31676 -42.017700 -40.739513 -7.997435 1
31677 -42.929501 -40.550335 -8.272299 1
31694 -40.335800 -40.318577 -8.589821 1
31695 -41.023846 -40.781506 -8.384731 1
31696 -41.752094 -40.855373 -8.412400 1
31697 -42.652405 -40.745781 -8.821336 1
31698 -43.752110 -40.338863 -9.313498 1
31723 -42.915977 -40.484318 -9.933030 1
32662 -39.759289 -39.338074 -7.500516 1
32663 -40.412903 -39.995911 -7.200603 1
32664 -40.940025 -40.243950 -7.234727 1
32678 -40.265392 -40.032745 -7.563044 1
32679 -40.842609 -40.403790 -7.447189 1
32680 -41.449387 -40.477940 -7.600896 1
32681 -42.398693 -40.223419 -7.727192 1
32682 -43.156319 -40.316315 -8.050543 1
32683 -44.192177 -40.142887 -8.444370 1
32684 -45.113548 -40.178745 -8.913244 1
32686 -47.374142 -40.882954 -9.963605 1
32700 -43.959953 -40.313873 -8.641587 1
32705 -48.335316 -41.348125 -10.258229 1
33716 -39.206657 -38.664993 -7.458952 1
33717 -39.958076 -39.409508 -7.084039 1
33718 -40.457802 -39.807678 -7.175354 1
33719 -40.983650 -40.002594 -7.120951 1
33720 -41.537510 -40.026180 -7.306487 1
33732 -39.039059 -38.734142 -7.991754 1
33733 -41.611778 -40.237453 -7.457369 1
33734 -42.272724 -40.038853 -7.603375 1
33735 -43.339211 -40.101192 -8.034461 1
33736 -44.490047 -40.076527 -8.538984 1
33737 -45.309532 -40.135925 -8.907329 1
33738 -46.482414 -40.424545 -9.599741 1
33739 -46.944393 -40.659588 -9.762287 1
33740 -47.665630 -41.070801 -10.013166 1
33746 -48.519131 -41.463367 -10.310854 1
34694 -39.926319 -38.873177 -6.892967 1
34707 -39.993599 -39.188709 -6.982327 1
34708 -40.403736 -39.424744 -7.103884 1
34709 -40.866684 -39.656162 -7.190428 1
34710 -41.479725 -39.778843 -7.424014 1
34722 -42.175697 -39.824375 -7.713599 1
34723 -42.969025 -39.849068 -7.993838 1
34724 -43.909554 -40.025372 -8.288679 1
34725 -45.116486 -40.086910 -8.826156 1
34726 -46.142971 -40.267845 -9.267234 1
34727 -46.801571 -40.522144 -9.603827 1
34728 -47.435196 -40.888847 -9.901537 1
34735 -47.121857 -40.625217 -9.703286 1
34736 -47.984734 -41.085564 -10.182152 1
35626 -39.544975 -38.248619 -6.833828 1
35641 -40.184689 -38.931198 -7.012920 1
35642 -40.685757 -39.237137 -7.345619 1
35643 -41.289421 -39.383953 -7.638758 1
35658 -41.942368 -39.547813 -7.972295 1
35659 -42.833843 -39.760300 -8.215174 1
35660 -44.635536 -40.052883 -8.707582 1
35661 -45.548378 -40.055050 -9.070197 1
35662 -46.360870 -40.256847 -9.283202 1
35667 -43.306995 -39.823555 -8.575050 1
35668 -44.298817 -39.965031 -8.731790 1
35669 -45.151009 -39.981415 -8.960993 1
35670 -45.942986 -40.098740 -9.256935 1
35671 -46.628979 -40.340126 -9.342740 1
35672 -47.643814 -40.894093 -10.026122 1
36584 -39.452187 -37.780983 -6.749301 1
36605 -39.892551 -38.054962 -6.976904 1
36606 -40.462200 -38.752956 -7.469809 1
36607 -41.061436 -39.071976 -7.797216 1
36625 -40.486237 -38.612671 -7.746183 1
36626 -41.201317 -39.073292 -8.052761 1
36627 -42.104725 -39.524265 -8.450947 1
36637 -41.522762 -39.330589 -9.180117 1
36638 -42.765461 -39.770611 -9.126882 1
36639 -43.821281 -40.010494 -9.212021 1
36640 -44.770744 -40.203873 -9.224552 1
36641 -45.650269 -40.095215 -9.285616 1
36642 -46.298138 -40.171211 -9.355753 1
36649 -42.301350 -39.816349 -10.055022 1
36650 -43.275108 -40.399948 -10.033865 1
36651 -44.353252 -40.420982 -9.900573 1
36652 -45.326061 -40.464169 -9.991221 1
36653 -46.183796 -40.524708 -9.846793 1
36662 -41.961311 -39.973225 -11.071515 1
36663 -42.859726 -40.477020 -11.066438 1
36664 -43.971298 -40.504890 -10.798440 1
36665 -45.069145 -40.788570 -10.981852 1
37620 -39.413441 -37.408909 -6.790642 1
37621 -39.710361 -37.613537 -7.053850 1
37636 -39.913582 -37.934853 -7.647338 1
37637 -40.514809 -38.581985 -8.148370 1
37647 -39.906471 -38.068138 -8.393904 1
37648 -40.588455 -38.706131 -8.739243 1
37657 -41.092449 -39.383041 -10.349816 1
38674 -39.470577 -37.129208 -7.199671 1
38688 -39.398743 -37.295506 -7.928908 1
134527 -43.699760 -39.919937 -8.358735 1
134578 -41.583031 -41.279732 -12.530231 1
136229 -40.014149 -40.683369 -15.020207 1
140213 -46.892406 -40.632084 -9.814731 1
141024 -46.096844 -40.813835 -10.770654 1
141268 -42.960644 -39.983070 -7.867513 1
143102 -42.695648 -40.503147 -11.292377 1
144241 -45.794857 -40.241531 -9.121645 1
144408 -41.166409 -39.057259 -8.465015 1
144823 -40.189987 -38.653645 -7.057214 1
145076 -43.071289 -40.472607 -10.832924 1
145712 -40.105728 -38.160191 -7.265184 1
146146 -40.577961 -45.036983 -17.993059 1
149211 -39.850327 -38.307564 -6.903042 1
152591 -46.962029 -40.974281 -10.718781 1
155207 -42.227169 -40.467564 -7.800516 1
155556 -43.517502 -40.373711 -9.914196 1
155968 -41.260311 -40.889946 -11.537524 1
158468 -38.993668 -38.742878 -8.344102 1
159491 -39.574562 -39.326649 -8.472090 1
161165 -41.945721 -40.117878 -7.516795 1
