# Freesurfer label: sub-03 rnd2 tmax2 day2VB unionROI
147
46179 -33.220000 -15.389000 6.795000 1
46194 -32.050000 -15.528000 5.010000 1
46195 -32.707000 -15.736000 5.888000 1
46213 -31.583000 -15.303000 4.352000 1
46214 -32.074000 -16.019000 3.994000 1
46228 -31.481000 -15.361000 3.481000 1
46240 -31.471000 -15.280000 2.395000 1
46241 -32.309000 -15.661000 0.704000 1
46249 -31.886000 -15.226000 -0.084000 1
47215 -32.550000 -14.819000 6.449000 1
47216 -33.063000 -14.574000 7.007000 1
47229 -31.505000 -14.718000 5.031000 1
47230 -32.006000 -14.958000 5.749000 1
47250 -30.690000 -14.015000 3.709000 1
47251 -31.132000 -14.715000 4.081000 1
47266 -30.997000 -14.688000 3.034000 1
47279 -30.539000 -13.910000 2.495000 1
47280 -31.036000 -14.649000 1.759000 1
47288 -30.687000 -14.069000 -0.041000 1
47289 -31.216000 -14.578000 0.215000 1
47299 -30.864000 -14.444000 -0.782000 1
47300 -31.479000 -14.931000 -0.943000 1
48148 -34.096000 -13.228000 7.465000 1
48160 -32.685000 -13.829000 6.754000 1
48161 -33.286000 -13.084000 7.179000 1
48165 -31.548000 -13.827000 5.503000 1
48166 -32.023000 -13.363000 6.225000 1
48181 -31.136000 -13.037000 5.002000 1
48192 -30.362000 -13.195000 3.393000 1
48208 -29.917000 -12.934000 0.709000 1
48209 -30.192000 -13.274000 1.645000 1
48223 -30.321000 -13.502000 0.343000 1
48236 -29.811000 -12.996000 -0.168000 1
48237 -30.367000 -13.876000 -0.576000 1
49092 -33.865000 -12.561000 7.257000 1
49108 -32.599000 -12.827000 6.712000 1
49109 -33.262000 -12.252000 6.999000 1
49110 -34.085000 -11.900000 7.027000 1
49117 -31.595000 -12.314000 5.555000 1
49118 -32.023000 -12.532000 6.194000 1
49130 -30.617000 -12.626000 4.250000 1
49131 -31.128000 -12.079000 4.871000 1
49144 -30.196000 -12.284000 3.446000 1
49153 -29.779000 -12.505000 1.603000 1
49154 -29.778000 -11.961000 2.550000 1
49168 -29.670000 -12.283000 0.451000 1
49185 -29.439000 -12.119000 -0.515000 1
50142 -32.617000 -11.988000 6.548000 1
50143 -33.435000 -11.376000 6.618000 1
50144 -34.457000 -11.175000 6.708000 1
50156 -31.660000 -11.519000 5.397000 1
50157 -32.079000 -11.772000 6.019000 1
50166 -30.594000 -11.737000 4.202000 1
50167 -31.211000 -11.228000 4.735000 1
50181 -30.129000 -11.379000 3.418000 1
50196 -29.616000 -11.676000 1.468000 1
50197 -29.730000 -10.989000 2.438000 1
50210 -29.552000 -11.307000 0.201000 1
51167 -33.034000 -10.693000 6.146000 1
51168 -34.023000 -10.458000 6.279000 1
51169 -34.994000 -10.545000 6.348000 1
51181 -31.793000 -10.722000 5.260000 1
51182 -32.522000 -10.293000 5.611000 1
51183 -33.460000 -9.879000 5.781000 1
51184 -34.674000 -9.949000 5.931000 1
51193 -30.639000 -10.854000 4.133000 1
51194 -31.315000 -10.391000 4.633000 1
51195 -31.961000 -9.922000 5.116000 1
51207 -30.202000 -10.455000 3.380000 1
51224 -29.617000 -10.269000 1.859000 1
51225 -29.871000 -10.134000 2.686000 1
51238 -29.547000 -10.398000 0.748000 1
52218 -32.752000 -9.523000 5.331000 1
52219 -33.534000 -9.085000 5.320000 1
52220 -34.269000 -9.388000 5.542000 1
52221 -35.094000 -9.532000 5.332000 1
52236 -31.494000 -9.576000 4.522000 1
52237 -32.218000 -9.192000 4.837000 1
52238 -32.912000 -8.859000 5.035000 1
52239 -34.736000 -8.938000 4.938000 1
52240 -35.411000 -9.250000 4.478000 1
52252 -31.018000 -9.072000 4.023000 1
52253 -35.698000 -8.977000 3.405000 1
52268 -29.771000 -9.525000 2.288000 1
52269 -30.307000 -9.448000 3.260000 1
52287 -29.570000 -9.670000 1.327000 1
52303 -29.537000 -9.729000 0.198000 1
53196 -34.129000 -8.744000 5.150000 1
53213 -31.727000 -8.902000 4.408000 1
53214 -32.512000 -8.396000 4.505000 1
53215 -33.582000 -8.343000 4.800000 1
53216 -34.401000 -8.337000 4.566000 1
53217 -35.087000 -8.588000 4.091000 1
53235 -30.761000 -8.462000 3.367000 1
53236 -31.588000 -8.334000 3.965000 1
53237 -32.321000 -7.652000 3.952000 1
53238 -34.769000 -7.870000 3.760000 1
53239 -35.437000 -8.197000 3.049000 1
53251 -29.671000 -8.958000 1.696000 1
53252 -30.109000 -8.719000 2.549000 1
53266 -29.608000 -8.578000 1.020000 1
53267 -29.880000 -8.167000 1.763000 1
53281 -29.557000 -8.829000 -0.237000 1
54232 -33.256000 -7.652000 4.254000 1
54233 -34.090000 -7.662000 4.214000 1
54252 -31.436000 -7.559000 3.314000 1
54253 -32.975000 -7.042000 3.772000 1
54254 -33.792000 -7.038000 3.834000 1
54255 -34.525000 -7.067000 3.403000 1
54256 -35.236000 -7.396000 2.775000 1
54270 -31.069000 -6.975000 2.447000 1
54283 -29.684000 -7.863000 0.723000 1
54298 -30.018000 -6.915000 0.344000 1
55262 -31.856000 -6.667000 2.950000 1
55263 -32.683000 -6.486000 3.250000 1
55264 -33.514000 -6.488000 3.392000 1
55265 -34.723000 -6.293000 2.691000 1
55266 -35.145000 -6.723000 2.523000 1
55281 -30.918000 -6.424000 1.760000 1
55282 -31.589000 -6.121000 2.161000 1
55283 -32.398000 -5.891000 2.545000 1
55294 -30.650000 -6.222000 0.943000 1
56276 -33.277000 -5.828000 2.831000 1
56277 -34.133000 -5.930000 2.855000 1
56295 -32.290000 -5.155000 1.500000 1
56296 -33.030000 -5.071000 2.051000 1
122164 -31.400000 -5.643000 1.287000 1
125323 -31.024000 -13.991000 4.633000 1
125411 -30.532000 -7.837000 2.571000 1
125879 -31.629000 -13.005000 5.734000 1
126426 -30.780000 -9.961000 4.043000 1
126761 -34.131000 -6.566000 3.331000 1
128581 -31.617000 -15.187000 1.163000 1
129929 -30.013000 -12.771000 2.585000 1
130749 -30.645000 -14.009000 1.069000 1
132197 -32.246000 -11.040000 5.836000 1
132772 -29.595000 -10.919000 1.369000 1
134927 -33.501000 -13.938000 7.286000 1
136987 -29.564000 -9.153000 0.847000 1
139377 -30.281000 -7.184000 1.581000 1
139801 -30.694000 -13.398000 4.240000 1
141587 -32.043000 -14.213000 6.086000 1
142784 -32.234000 -7.068000 3.508000 1
144516 -31.740000 -14.440000 5.609000 1
144814 -34.110000 -9.888000 5.930000 1
146745 -32.654000 -11.350000 6.282000 1
147265 -30.254000 -13.291000 2.571000 1
