# Freesurfer label: sub-03 rnd4 tmax2 day2VB unionROI
146
23583 -35.453000 -39.161000 5.001000 1
24448 -35.390000 -38.452000 5.328000 1
24460 -35.565000 -38.551000 4.396000 1
24467 -35.549000 -38.730000 1.449000 1
24468 -35.946000 -38.212000 0.433000 1
25386 -34.087000 -37.469000 7.639000 1
25394 -34.474000 -37.634000 6.999000 1
25395 -34.802000 -38.197000 6.632000 1
25405 -34.784000 -37.382000 6.336000 1
25406 -35.195000 -37.180000 5.579000 1
25415 -35.617000 -37.074000 4.674000 1
25421 -35.799000 -37.889000 3.708000 1
25422 -36.026000 -37.761000 2.080000 1
25430 -36.331000 -37.444000 0.932000 1
26321 -31.174000 -36.872000 9.323000 1
26322 -31.983000 -37.090000 9.247000 1
26333 -31.738000 -36.301000 9.122000 1
26334 -32.432000 -36.563000 8.912000 1
26335 -33.119000 -36.418000 8.398000 1
26341 -33.753000 -36.648000 7.700000 1
26350 -34.313000 -36.789000 6.899000 1
26362 -34.789000 -36.560000 6.049000 1
26363 -35.257000 -36.402000 5.314000 1
26372 -35.724000 -36.241000 4.484000 1
26380 -36.145000 -37.004000 3.516000 1
26381 -36.394000 -36.862000 2.098000 1
26389 -36.598000 -36.771000 0.777000 1
27203 -30.787000 -36.025000 9.175000 1
27216 -31.623000 -35.444000 8.899000 1
27217 -32.350000 -34.971000 8.411000 1
27218 -33.049000 -35.525000 8.142000 1
27222 -33.519000 -35.328000 7.462000 1
27223 -33.935000 -35.963000 7.181000 1
27229 -33.985000 -35.187000 6.788000 1
27238 -34.873000 -35.752000 5.718000 1
27245 -35.727000 -35.368000 4.508000 1
27246 -36.256000 -34.909000 3.787000 1
27251 -36.722000 -35.494000 2.604000 1
28177 -30.220000 -34.109000 8.694000 1
28178 -31.054000 -34.219000 8.700000 1
28179 -31.743000 -33.917000 8.430000 1
28184 -33.053000 -34.739000 7.822000 1
28185 -33.123000 -33.902000 7.432000 1
28196 -34.007000 -34.324000 6.491000 1
28197 -34.502000 -35.039000 6.096000 1
28211 -34.613000 -34.221000 5.806000 1
28212 -35.194000 -33.964000 5.229000 1
28223 -35.651000 -34.473000 4.629000 1
28234 -36.671000 -34.731000 3.060000 1
29109 -30.121000 -33.312000 8.589000 1
29110 -30.913000 -33.481000 8.594000 1
29111 -31.601000 -33.164000 8.383000 1
29117 -32.395000 -33.283000 8.006000 1
29129 -33.676000 -33.465000 6.701000 1
29130 -34.257000 -33.670000 6.154000 1
29144 -34.716000 -33.416000 5.650000 1
29145 -35.244000 -33.149000 5.144000 1
29156 -35.675000 -33.622000 4.615000 1
29157 -36.299000 -33.345000 3.833000 1
29166 -36.799000 -34.076000 2.955000 1
29932 -29.041000 -32.527000 8.117000 1
29933 -29.478000 -32.942000 8.394000 1
29934 -30.180000 -32.667000 8.539000 1
29935 -30.993000 -32.641000 8.522000 1
29936 -31.885000 -32.482000 8.284000 1
29945 -28.715000 -32.482000 7.638000 1
29946 -32.613000 -32.351000 7.830000 1
29947 -33.177000 -32.157000 7.358000 1
29957 -28.479000 -32.487000 6.798000 1
29958 -33.693000 -32.379000 6.738000 1
29959 -34.307000 -32.027000 6.089000 1
29976 -28.467000 -32.391000 5.765000 1
29977 -34.838000 -32.549000 5.525000 1
29990 -35.660000 -32.721000 4.613000 1
29997 -36.132000 -32.406000 4.060000 1
30007 -36.619000 -32.446000 3.435000 1
30712 -29.045000 -31.723000 7.971000 1
30713 -29.743000 -31.361000 8.399000 1
30714 -30.395000 -31.927000 8.514000 1
30715 -31.318000 -31.763000 8.463000 1
30716 -32.189000 -31.654000 8.188000 1
30728 -32.870000 -31.552000 7.659000 1
30729 -33.460000 -31.526000 7.088000 1
30741 -33.918000 -31.558000 6.538000 1
30742 -34.321000 -31.124000 6.079000 1
30757 -34.830000 -31.592000 5.550000 1
30758 -35.299000 -32.072000 5.050000 1
30768 -35.768000 -31.828000 4.464000 1
30777 -36.302000 -31.694000 3.853000 1
31578 -31.699000 -30.898000 8.416000 1
31579 -32.526000 -30.815000 7.999000 1
31591 -33.186000 -30.764000 7.418000 1
31605 -33.766000 -30.697000 6.691000 1
31606 -34.298000 -30.181000 6.069000 1
31625 -34.801000 -30.663000 5.555000 1
31626 -35.183000 -30.248000 5.133000 1
31638 -35.623000 -30.238000 4.620000 1
31639 -36.158000 -30.169000 4.021000 1
31648 -36.501000 -30.890000 3.635000 1
31656 -37.068000 -30.806000 2.991000 1
31657 -37.599000 -30.712000 2.264000 1
32486 -32.428000 -29.341000 8.104000 1
32487 -32.923000 -28.891000 7.766000 1
32503 -32.892000 -29.893000 7.737000 1
32504 -33.422000 -30.050000 7.139000 1
32505 -33.999000 -28.792000 6.751000 1
32520 -33.838000 -29.661000 6.610000 1
32521 -34.408000 -29.240000 6.095000 1
32522 -35.097000 -28.864000 5.559000 1
32540 -34.808000 -29.761000 5.530000 1
32541 -35.367000 -29.549000 5.016000 1
32550 -35.909000 -29.467000 4.428000 1
33566 -34.731000 -28.504000 6.330000 1
33586 -35.716000 -28.250000 5.380000 1
33594 -35.734000 -28.833000 4.911000 1
121786 -32.134000 -30.067000 8.269000 1
123198 -30.638000 -30.954000 8.567000 1
123927 -29.596000 -32.184000 8.371000 1
125587 -31.603000 -34.654000 8.657000 1
126151 -36.646000 -36.238000 1.965000 1
126157 -28.646000 -31.773000 7.198000 1
126235 -35.625000 -38.715000 3.092000 1
126500 -34.246000 -32.923000 6.136000 1
126732 -36.336000 -36.025000 3.376000 1
127115 -32.417000 -35.855000 8.685000 1
128457 -34.416000 -35.874000 6.464000 1
128465 -35.398000 -31.088000 4.997000 1
128552 -33.136000 -32.931000 7.366000 1
132162 -36.392000 -34.216000 3.601000 1
133251 -35.184000 -37.968000 5.868000 1
133933 -35.492000 -37.828000 4.995000 1
134259 -36.051000 -34.106000 4.134000 1
136000 -33.528000 -34.597000 7.126000 1
136598 -35.977000 -30.978000 4.294000 1
136643 -36.947000 -33.238000 2.850000 1
138660 -35.331000 -35.722000 5.107000 1
139650 -32.474000 -34.205000 8.100000 1
139815 -33.419000 -29.254000 7.221000 1
141275 -30.718000 -34.963000 8.963000 1
142160 -35.119000 -34.925000 5.318000 1
143159 -30.557000 -33.024000 8.560000 1
143659 -35.272000 -32.626000 5.098000 1
143872 -35.800000 -38.266000 2.634000 1
143883 -33.481000 -35.977000 7.761000 1
145159 -33.553000 -34.078000 6.900000 1
145892 -32.062000 -34.432000 8.422000 1
