# Freesurfer label: sub-03 rnd7 tmax1 day1VA unionROI
161
40368 -35.134000 -21.665000 12.825000 1
40369 -35.936000 -21.947000 13.162000 1
41203 -39.206000 -20.391000 13.235000 1
41215 -35.991000 -20.494000 13.041000 1
41216 -36.558000 -19.798000 12.805000 1
41217 -37.456000 -19.871000 12.969000 1
41219 -40.046000 -20.147000 13.086000 1
41306 -34.892000 -20.363000 1.926000 1
42145 -36.344000 -19.107000 12.275000 1
42146 -37.923000 -19.353000 12.567000 1
42147 -38.597000 -19.262000 12.571000 1
42245 -35.186000 -19.605000 1.232000 1
43218 -37.628000 -18.928000 12.192000 1
43233 -36.274000 -18.521000 11.607000 1
43234 -37.743000 -18.591000 11.685000 1
43245 -36.527000 -18.065000 11.038000 1
43307 -34.045000 -17.881000 5.150000 1
43314 -34.382000 -18.635000 3.966000 1
43316 -34.787000 -19.159000 2.245000 1
43320 -35.321000 -18.970000 0.047000 1
44200 -37.710000 -17.339000 10.019000 1
44266 -33.804000 -17.319000 5.082000 1
44267 -34.155000 -17.930000 4.464000 1
44278 -33.836000 -17.575000 3.054000 1
44279 -34.237000 -18.002000 3.557000 1
44286 -33.906000 -17.530000 1.821000 1
44287 -34.293000 -18.033000 2.517000 1
44297 -34.149000 -17.445000 0.421000 1
44298 -34.830000 -18.166000 -0.082000 1
44307 -34.147000 -17.527000 -0.761000 1
45156 -36.845000 -17.106000 10.148000 1
45169 -36.485000 -16.400000 9.820000 1
45170 -37.319000 -16.524000 9.772000 1
45171 -38.209000 -16.825000 9.473000 1
45182 -38.923000 -17.674000 8.918000 1
45229 -33.306000 -16.613000 5.510000 1
45230 -33.628000 -16.863000 5.968000 1
45246 -33.358000 -16.955000 4.596000 1
45272 -33.505000 -16.817000 1.052000 1
45279 -32.927000 -16.258000 0.226000 1
45280 -33.572000 -16.854000 -0.333000 1
46134 -35.428000 -15.588000 9.182000 1
46135 -36.065000 -15.735000 9.489000 1
46136 -37.701000 -15.859000 9.385000 1
46137 -38.459000 -15.899000 9.074000 1
46146 -35.198000 -15.224000 8.647000 1
46147 -35.919000 -15.074000 8.946000 1
46166 -33.745000 -15.519000 7.318000 1
46167 -34.253000 -15.060000 7.671000 1
46196 -33.358000 -16.200000 6.344000 1
47184 -36.673000 -15.101000 9.149000 1
47189 -34.885000 -14.733000 8.067000 1
47190 -35.613000 -14.554000 8.381000 1
47191 -36.474000 -14.360000 8.575000 1
47192 -37.335000 -14.606000 8.835000 1
47193 -37.978000 -15.122000 8.965000 1
47206 -33.664000 -14.792000 7.338000 1
47207 -34.379000 -14.149000 7.627000 1
47208 -35.263000 -14.021000 7.909000 1
48134 -35.771000 -13.422000 7.801000 1
48135 -36.497000 -13.560000 8.057000 1
48136 -37.298000 -13.781000 8.369000 1
48149 -34.962000 -13.302000 7.682000 1
48150 -36.304000 -12.971000 7.682000 1
48151 -37.144000 -12.925000 7.771000 1
49093 -34.708000 -12.445000 7.369000 1
49094 -35.625000 -12.702000 7.531000 1
49095 -36.464000 -12.274000 7.326000 1
49096 -38.074000 -12.472000 7.447000 1
49186 -38.312000 -11.768000 -1.484000 1
50127 -34.830000 -11.706000 7.040000 1
50128 -35.552000 -11.931000 7.169000 1
50129 -37.006000 -11.838000 6.932000 1
50130 -37.715000 -11.847000 6.910000 1
50145 -35.349000 -11.203000 6.759000 1
50146 -36.337000 -11.418000 6.733000 1
50147 -38.519000 -11.880000 6.873000 1
50158 -37.604000 -10.999000 5.812000 1
50159 -38.434000 -11.204000 5.597000 1
50168 -38.620000 -11.165000 4.727000 1
50211 -37.263000 -10.638000 0.597000 1
50213 -38.043000 -11.437000 -0.473000 1
50225 -36.938000 -10.525000 -0.625000 1
50237 -36.861000 -10.223000 -1.226000 1
51170 -35.891000 -10.684000 6.248000 1
51171 -36.771000 -10.821000 6.058000 1
51185 -35.486000 -10.108000 5.764000 1
51186 -36.291000 -10.334000 5.507000 1
51187 -37.081000 -10.593000 5.241000 1
51188 -37.860000 -10.865000 4.993000 1
51196 -36.575000 -10.150000 4.608000 1
51197 -37.308000 -10.526000 4.318000 1
51198 -37.987000 -10.981000 4.057000 1
51208 -36.796000 -10.053000 3.560000 1
51226 -36.620000 -9.707000 1.610000 1
51239 -36.618000 -9.737000 0.576000 1
51240 -36.757000 -10.188000 -0.039000 1
51257 -36.681000 -9.799000 -0.433000 1
52222 -35.846000 -9.810000 4.969000 1
52241 -36.090000 -9.615000 3.947000 1
52254 -36.346000 -9.436000 2.646000 1
52270 -35.982000 -8.667000 2.189000 1
52271 -36.375000 -9.214000 1.333000 1
52288 -36.597000 -9.263000 0.272000 1
53253 -35.886000 -7.777000 1.736000 1
53254 -36.301000 -8.571000 1.034000 1
53268 -36.565000 -7.809000 0.804000 1
53282 -36.710000 -8.613000 0.272000 1
53296 -29.304000 -8.424000 -1.824000 1
54271 -35.847000 -6.831000 1.637000 1
54284 -36.700000 -6.965000 0.893000 1
54297 -29.731000 -7.770000 -0.594000 1
54313 -29.665000 -7.200000 -2.067000 1
55284 -35.751000 -6.020000 1.645000 1
55304 -30.045000 -6.764000 -0.940000 1
55305 -30.554000 -5.921000 -0.147000 1
55314 -30.161000 -6.565000 -2.015000 1
55315 -30.603000 -5.634000 -1.335000 1
56297 -33.996000 -5.094000 2.201000 1
56298 -35.185000 -5.289000 1.851000 1
56311 -31.371000 -5.246000 0.305000 1
56312 -32.186000 -4.683000 0.526000 1
56313 -37.057000 -5.127000 0.605000 1
56320 -31.440000 -4.744000 -0.746000 1
56321 -32.497000 -4.113000 -0.374000 1
57319 -33.681000 -4.272000 1.156000 1
57320 -34.803000 -4.240000 1.199000 1
57321 -36.114000 -4.371000 0.753000 1
57336 -33.331000 -3.553000 -0.183000 1
57337 -34.191000 -3.220000 -0.491000 1
57338 -35.788000 -3.339000 -0.011000 1
123266 -37.267000 -11.368000 6.472000 1
123780 -37.214000 -17.822000 10.621000 1
123933 -37.159000 -19.286000 12.481000 1
124321 -33.600000 -15.950000 6.878000 1
125102 -32.939000 -4.169000 0.330000 1
127022 -38.096000 -11.429000 6.340000 1
128920 -34.481000 -18.065000 1.316000 1
129183 -34.961000 -18.727000 1.152000 1
129850 -37.853000 -18.270000 11.005000 1
130205 -39.019000 -18.794000 12.206000 1
132020 -36.926000 -15.753000 9.551000 1
133045 -38.760000 -16.761000 8.947000 1
133050 -34.495000 -18.615000 2.993000 1
133238 -33.838000 -17.519000 4.105000 1
133280 -36.918000 -10.185000 1.181000 1
134195 -37.532000 -11.045000 -0.002000 1
134392 -35.394000 -19.675000 -0.003000 1
135256 -37.041000 -18.751000 11.959000 1
136564 -40.212000 -19.424000 12.752000 1
138978 -32.694000 -16.295000 4.888000 1
139486 -33.013000 -4.454000 1.068000 1
140274 -39.354000 -19.488000 12.802000 1
141862 -33.260000 -17.120000 3.608000 1
142731 -34.578000 -18.530000 2.076000 1
142811 -35.928000 -13.980000 8.128000 1
143036 -35.671000 -21.209000 13.104000 1
143767 -37.280000 -12.270000 7.281000 1
143878 -37.312000 -15.252000 9.215000 1
145052 -32.755000 -16.650000 4.079000 1
145639 -32.916000 -3.860000 -0.236000 1
