# Freesurfer label: sub-03 rnd8 tmax2 day3PF unionROI
129
19057 -30.575000 -44.344000 8.428000 1
19070 -31.273000 -44.262000 7.875000 1
19071 -32.002000 -44.381000 7.093000 1
19938 -31.139000 -43.241000 9.027000 1
19947 -31.632000 -43.540000 8.424000 1
19955 -31.962000 -43.807000 7.811000 1
19956 -32.538000 -43.772000 7.500000 1
19957 -33.332000 -43.371000 7.426000 1
19963 -32.890000 -44.034000 6.790000 1
20820 -31.211000 -42.457000 9.269000 1
20821 -32.005000 -42.013000 9.168000 1
20842 -31.915000 -42.889000 8.936000 1
20843 -32.661000 -42.440000 8.780000 1
20844 -33.312000 -42.656000 8.216000 1
21674 -31.202000 -41.406000 9.290000 1
21675 -32.104000 -41.098000 9.198000 1
21676 -32.765000 -41.591000 9.009000 1
21677 -33.560000 -41.181000 8.663000 1
21691 -33.283000 -42.000000 8.659000 1
22625 -31.516000 -40.515000 9.183000 1
22626 -32.271000 -40.285000 9.211000 1
22627 -32.903000 -40.069000 9.144000 1
22639 -30.200000 -40.175000 8.804000 1
22640 -33.445000 -40.252000 8.831000 1
23541 -31.005000 -39.922000 8.992000 1
23542 -31.743000 -39.706000 9.212000 1
23543 -32.537000 -39.544000 9.259000 1
23544 -33.233000 -39.508000 9.007000 1
23554 -29.787000 -39.387000 8.258000 1
23555 -30.530000 -39.368000 8.691000 1
23565 -29.402000 -39.142000 7.408000 1
23572 -28.917000 -39.127000 6.133000 1
23582 -28.952000 -39.022000 5.226000 1
24411 -31.204000 -39.026000 9.091000 1
24412 -31.580000 -38.352000 9.318000 1
24413 -32.884000 -38.784000 9.215000 1
24422 -29.807000 -38.234000 8.033000 1
24423 -30.208000 -38.778000 8.370000 1
24424 -33.242000 -38.020000 8.925000 1
24425 -33.571000 -38.832000 8.729000 1
24432 -29.456000 -38.464000 7.158000 1
24437 -29.194000 -38.452000 6.119000 1
24447 -29.222000 -38.240000 5.253000 1
24459 -29.314000 -38.530000 4.408000 1
25361 -30.080000 -37.109000 9.021000 1
25362 -30.716000 -37.422000 9.225000 1
25363 -31.440000 -37.648000 9.312000 1
25364 -32.320000 -37.987000 9.310000 1
25375 -29.752000 -37.438000 8.409000 1
25376 -30.333000 -37.978000 8.755000 1
25377 -32.808000 -37.210000 8.914000 1
25378 -33.524000 -37.303000 8.347000 1
25379 -33.887000 -38.143000 8.279000 1
25385 -29.437000 -37.583000 7.586000 1
25393 -29.228000 -37.609000 6.669000 1
25404 -29.174000 -37.562000 5.737000 1
25414 -29.342000 -37.557000 4.684000 1
25420 -29.568000 -38.018000 3.624000 1
25428 -29.864000 -37.462000 2.770000 1
26319 -29.907000 -36.308000 9.004000 1
26320 -30.485000 -36.761000 9.222000 1
26331 -28.884000 -35.659000 8.180000 1
26332 -29.317000 -36.239000 8.486000 1
26339 -28.685000 -35.906000 7.469000 1
26340 -29.326000 -36.848000 8.092000 1
26348 -28.677000 -36.172000 6.762000 1
26349 -28.909000 -36.804000 6.297000 1
26360 -28.696000 -35.909000 5.948000 1
26361 -29.084000 -36.732000 5.363000 1
26370 -29.050000 -35.957000 4.958000 1
26371 -29.350000 -36.660000 4.444000 1
26379 -29.671000 -36.601000 3.497000 1
26387 -30.217000 -36.625000 2.354000 1
26388 -30.497000 -36.274000 1.559000 1
27214 -28.992000 -34.818000 8.372000 1
27215 -29.463000 -35.571000 8.670000 1
27221 -28.569000 -35.087000 7.646000 1
27237 -28.742000 -35.158000 5.328000 1
27243 -29.208000 -35.309000 4.400000 1
27244 -29.747000 -35.689000 3.304000 1
27257 -30.425000 -35.731000 2.189000 1
27258 -30.623000 -35.608000 1.351000 1
28175 -28.958000 -34.065000 8.298000 1
28176 -29.438000 -34.300000 8.554000 1
28183 -28.620000 -34.222000 7.868000 1
28195 -28.437000 -34.449000 6.853000 1
28210 -28.489000 -34.302000 5.747000 1
28221 -28.879000 -34.429000 4.722000 1
28222 -29.482000 -34.689000 3.727000 1
28233 -30.122000 -34.941000 2.708000 1
28241 -30.581000 -34.380000 2.101000 1
29108 -29.446000 -33.669000 8.464000 1
29128 -28.490000 -33.680000 7.314000 1
29143 -28.400000 -33.385000 6.404000 1
29154 -28.629000 -33.352000 5.074000 1
29155 -29.241000 -33.790000 4.031000 1
29165 -29.610000 -33.361000 3.390000 1
29172 -30.295000 -33.421000 2.511000 1
29173 -31.013000 -33.828000 1.396000 1
29988 -28.724000 -32.322000 4.823000 1
29996 -29.678000 -32.684000 3.214000 1
30005 -30.251000 -32.625000 2.524000 1
30006 -30.853000 -32.953000 1.770000 1
30794 -31.662000 -31.991000 0.954000 1
125600 -29.775000 -34.871000 8.789000 1
126357 -32.060000 -38.901000 9.371000 1
126901 -28.493000 -35.052000 6.131000 1
128997 -29.852000 -34.082000 3.074000 1
129019 -30.966000 -38.186000 9.156000 1
129043 -28.515000 -35.433000 6.806000 1
130168 -28.973000 -36.760000 7.278000 1
131521 -32.512000 -43.254000 8.245000 1
131599 -31.012000 -43.808000 8.546000 1
132701 -29.555000 -37.241000 3.825000 1
133848 -29.242000 -38.993000 6.703000 1
135511 -30.621000 -35.108000 1.846000 1
135782 -30.429000 -41.977000 9.475000 1
135795 -28.504000 -33.064000 7.278000 1
136268 -29.660000 -36.779000 8.672000 1
136408 -29.739000 -38.844000 7.832000 1
136754 -30.272000 -41.054000 9.259000 1
137092 -31.318000 -32.439000 1.230000 1
137149 -28.952000 -36.286000 7.948000 1
138897 -30.678000 -38.670000 8.816000 1
139232 -29.143000 -32.891000 4.087000 1
140167 -28.782000 -33.325000 8.017000 1
140976 -30.076000 -35.552000 9.008000 1
143344 -30.829000 -40.621000 9.145000 1
144253 -29.403000 -36.020000 4.157000 1
