# Freesurfer label: sub-03 rnd9 tmax1 day3PF unionROI
117
35641 -33.359000 -26.518000 10.184000 1
35642 -34.144000 -26.762000 10.298000 1
35653 -33.217000 -27.048000 9.660000 1
36648 -34.175000 -25.313000 11.322000 1
36660 -32.913000 -25.696000 10.380000 1
36661 -33.766000 -25.992000 10.754000 1
36662 -34.651000 -26.094000 10.877000 1
37652 -33.917000 -24.513000 11.598000 1
37669 -32.944000 -24.879000 10.649000 1
37670 -33.289000 -24.425000 11.111000 1
37688 -32.479000 -24.872000 10.133000 1
37772 -34.241000 -24.812000 -1.402000 1
37777 -34.687000 -24.179000 -1.866000 1
37778 -34.615000 -24.069000 -2.109000 1
38592 -33.580000 -23.710000 11.545000 1
38610 -32.598000 -23.335000 10.154000 1
38611 -32.989000 -23.555000 10.962000 1
38626 -32.293000 -24.102000 9.829000 1
38635 -32.057000 -23.179000 8.845000 1
38693 -34.705000 -24.153000 -1.434000 1
38697 -35.156000 -23.658000 -1.907000 1
38698 -35.193000 -23.191000 -2.059000 1
38699 -35.043000 -23.723000 -2.166000 1
39544 -32.974000 -22.736000 10.764000 1
39553 -32.442000 -22.818000 9.405000 1
39557 -31.874000 -22.904000 8.027000 1
39558 -32.480000 -22.371000 8.581000 1
39570 -31.736000 -22.739000 7.142000 1
39571 -32.406000 -22.264000 7.574000 1
39579 -32.370000 -22.221000 6.651000 1
39586 -32.285000 -22.147000 5.739000 1
39599 -32.075000 -22.067000 4.703000 1
39616 -34.367000 -22.621000 -0.080000 1
39620 -34.287000 -23.661000 -0.520000 1
39621 -34.946000 -23.195000 -1.195000 1
39622 -35.296000 -22.578000 -1.737000 1
39626 -35.055000 -22.997000 -2.221000 1
39627 -35.218000 -22.490000 -2.066000 1
40416 -32.867000 -21.632000 8.031000 1
40429 -32.914000 -21.660000 7.053000 1
40435 -32.998000 -21.747000 6.081000 1
40436 -33.387000 -20.960000 6.465000 1
40442 -33.001000 -21.737000 5.129000 1
40443 -33.580000 -21.185000 5.465000 1
40453 -32.132000 -21.826000 3.587000 1
40454 -32.929000 -21.555000 4.133000 1
40455 -33.677000 -21.283000 4.518000 1
40459 -32.951000 -21.504000 3.116000 1
40460 -34.348000 -20.949000 2.661000 1
40467 -33.143000 -21.707000 2.104000 1
40468 -34.027000 -21.404000 1.698000 1
40469 -34.732000 -20.894000 1.187000 1
40475 -33.608000 -22.103000 1.031000 1
40476 -34.570000 -21.667000 0.452000 1
40477 -35.226000 -21.095000 -0.197000 1
40480 -34.546000 -21.281000 -1.755000 1
40481 -35.204000 -22.103000 -0.777000 1
40484 -35.302000 -21.716000 -1.887000 1
40485 -35.170000 -21.955000 -2.101000 1
41265 -33.674000 -20.148000 6.154000 1
41273 -33.898000 -20.442000 5.444000 1
41285 -34.112000 -20.790000 4.740000 1
41297 -34.225000 -20.886000 3.842000 1
41309 -35.237000 -20.316000 0.562000 1
41311 -34.973000 -20.202000 -1.579000 1
41312 -35.430000 -20.288000 -0.782000 1
42247 -35.336000 -19.284000 -0.813000 1
42248 -34.810000 -19.110000 -1.249000 1
42249 -35.022000 -18.832000 -1.146000 1
43327 -33.710000 -17.812000 -1.115000 1
43328 -34.143000 -18.523000 -1.063000 1
43338 -34.450000 -18.343000 -1.061000 1
43339 -34.655000 -18.195000 -0.982000 1
44313 -32.458000 -16.652000 -1.063000 1
44314 -33.180000 -17.145000 -1.095000 1
44315 -33.935000 -17.659000 -1.101000 1
45286 -30.966000 -16.010000 -0.844000 1
45287 -31.763000 -16.302000 -1.154000 1
45288 -32.863000 -16.391000 -0.806000 1
45289 -33.391000 -16.979000 -1.055000 1
45297 -31.396000 -15.694000 -1.232000 1
45298 -32.029000 -16.052000 -1.361000 1
45299 -32.622000 -16.512000 -1.031000 1
46247 -29.628000 -15.330000 0.458000 1
46248 -30.318000 -15.654000 -0.231000 1
46250 -32.430000 -15.758000 -0.602000 1
46256 -29.954000 -15.050000 -0.656000 1
46257 -30.708000 -15.366000 -1.083000 1
46258 -31.972000 -15.429000 -1.048000 1
46259 -32.258000 -15.913000 -1.260000 1
46271 -30.490000 -14.701000 -1.061000 1
46272 -31.086000 -15.164000 -1.300000 1
46273 -31.606000 -15.451000 -1.231000 1
47287 -29.259000 -14.730000 0.009000 1
47298 -29.701000 -14.391000 -0.804000 1
47312 -29.992000 -14.062000 -1.021000 1
47313 -31.028000 -14.825000 -1.242000 1
48249 -29.956000 -13.681000 -0.811000 1
48250 -30.448000 -14.361000 -0.931000 1
49197 -29.165000 -11.901000 -1.058000 1
50235 -28.905000 -11.460000 -1.351000 1
50236 -29.096000 -11.099000 -1.530000 1
122111 -29.353000 -12.851000 -0.583000 1
126912 -33.741000 -21.253000 3.570000 1
129611 -33.327000 -23.010000 11.333000 1
133126 -35.448000 -21.433000 -1.294000 1
135350 -32.716000 -24.187000 10.510000 1
135840 -33.412000 -18.136000 -0.755000 1
136190 -33.456000 -25.218000 10.954000 1
138649 -34.321000 -24.574000 -0.854000 1
138674 -33.695000 -24.887000 11.288000 1
139746 -33.722000 -21.343000 2.693000 1
139756 -33.638000 -20.707000 5.886000 1
140438 -33.233000 -20.902000 7.555000 1
140493 -32.716000 -22.207000 9.344000 1
141536 -32.240000 -23.480000 9.479000 1
145515 -34.874000 -23.626000 -2.232000 1
