# Freesurfer label: sub-03 rnd3 tmax2 day2VA unionROI
166
29989 -29.225000 -31.905000 3.917000 1
30726 -28.837000 -30.982000 7.456000 1
30727 -29.329000 -30.806000 8.056000 1
30740 -28.562000 -31.152000 6.635000 1
30756 -28.540000 -31.443000 5.699000 1
30767 -28.741000 -31.529000 4.824000 1
30776 -29.581000 -31.107000 3.275000 1
30782 -30.334000 -31.301000 2.372000 1
30783 -31.181000 -31.619000 1.499000 1
31576 -29.648000 -29.995000 8.186000 1
31577 -30.359000 -30.024000 8.522000 1
31589 -28.649000 -30.334000 6.881000 1
31590 -29.117000 -30.134000 7.585000 1
31604 -28.598000 -29.741000 6.221000 1
31624 -28.670000 -29.942000 5.336000 1
31636 -28.971000 -30.099000 4.524000 1
31637 -29.421000 -30.241000 3.667000 1
31647 -29.967000 -30.398000 2.692000 1
31655 -31.014000 -30.620000 1.716000 1
31665 -31.854000 -30.972000 0.961000 1
32483 -30.025000 -29.218000 8.421000 1
32484 -30.885000 -29.261000 8.538000 1
32485 -31.766000 -29.299000 8.411000 1
32501 -28.910000 -28.646000 7.163000 1
32502 -29.350000 -29.162000 7.833000 1
32519 -28.647000 -28.954000 6.390000 1
32539 -28.634000 -29.194000 5.552000 1
32548 -28.845000 -29.335000 4.781000 1
32549 -29.302000 -29.445000 4.038000 1
32558 -29.718000 -29.558000 3.148000 1
32566 -30.471000 -29.674000 2.301000 1
32567 -31.320000 -29.782000 1.504000 1
32575 -31.908000 -30.330000 0.727000 1
33528 -29.792000 -28.423000 8.248000 1
33529 -30.545000 -28.446000 8.459000 1
33530 -31.447000 -28.473000 8.508000 1
33531 -32.356000 -28.539000 8.322000 1
33548 -28.939000 -27.858000 7.137000 1
33549 -29.335000 -28.219000 7.719000 1
33565 -28.690000 -28.199000 6.488000 1
33585 -28.707000 -27.920000 4.969000 1
33605 -29.667000 -28.050000 3.440000 1
33614 -30.099000 -28.824000 2.769000 1
34572 -31.806000 -26.999000 9.025000 1
34588 -30.185000 -27.718000 8.373000 1
34589 -31.986000 -27.783000 8.667000 1
34605 -28.875000 -27.094000 6.999000 1
34606 -29.315000 -27.441000 7.637000 1
34615 -28.643000 -26.964000 6.205000 1
34632 -28.641000 -27.052000 5.339000 1
34645 -28.927000 -27.122000 4.570000 1
34646 -29.420000 -27.179000 3.835000 1
34659 -29.994000 -27.201000 3.059000 1
34670 -30.604000 -27.951000 2.344000 1
34684 -31.434000 -27.440000 1.583000 1
35651 -31.785000 -26.163000 9.205000 1
35652 -32.559000 -26.493000 9.656000 1
35666 -29.818000 -27.043000 8.170000 1
35667 -30.355000 -26.529000 8.336000 1
35668 -31.079000 -26.559000 8.645000 1
35684 -28.936000 -26.209000 6.625000 1
35685 -29.351000 -26.633000 7.491000 1
35686 -29.886000 -26.207000 7.959000 1
35708 -28.682000 -26.264000 5.668000 1
35720 -28.755000 -26.359000 4.894000 1
35721 -29.194000 -26.446000 4.212000 1
35726 -29.680000 -26.487000 3.471000 1
35727 -30.190000 -26.561000 2.861000 1
35734 -30.665000 -27.022000 2.359000 1
35746 -31.255000 -26.758000 1.774000 1
35747 -32.088000 -26.976000 0.957000 1
36678 -31.693000 -25.385000 9.251000 1
36679 -32.226000 -25.581000 9.722000 1
36695 -30.524000 -25.738000 8.282000 1
36696 -31.244000 -25.630000 8.758000 1
36712 -29.515000 -25.811000 7.301000 1
36713 -30.014000 -25.518000 7.729000 1
36726 -28.896000 -25.500000 5.902000 1
36727 -29.300000 -25.333000 6.626000 1
36743 -28.783000 -25.591000 5.129000 1
36744 -29.021000 -24.855000 5.385000 1
36763 -28.989000 -25.801000 4.531000 1
36772 -29.410000 -25.732000 3.864000 1
36773 -30.070000 -25.809000 2.989000 1
36784 -30.736000 -25.685000 2.241000 1
36785 -31.264000 -25.230000 1.783000 1
36796 -31.570000 -26.154000 1.476000 1
36800 -32.788000 -26.543000 0.324000 1
37687 -31.943000 -24.768000 9.526000 1
37705 -30.906000 -25.034000 8.398000 1
37706 -31.412000 -24.740000 8.858000 1
37724 -29.805000 -25.053000 7.219000 1
37725 -30.432000 -24.859000 7.791000 1
37726 -31.065000 -24.277000 8.180000 1
37737 -29.662000 -24.644000 6.549000 1
37738 -30.224000 -24.410000 7.061000 1
37756 -29.104000 -24.958000 4.487000 1
37759 -29.679000 -24.919000 3.502000 1
37760 -30.067000 -24.058000 3.076000 1
37763 -30.856000 -24.294000 2.128000 1
37766 -31.874000 -24.685000 1.241000 1
37770 -33.473000 -26.130000 -0.487000 1
37771 -33.859000 -25.805000 -1.141000 1
38625 -31.790000 -23.981000 9.137000 1
38634 -31.545000 -23.643000 8.408000 1
38648 -30.647000 -23.786000 6.916000 1
38649 -31.214000 -23.498000 7.560000 1
38655 -30.106000 -24.018000 6.373000 1
38656 -31.101000 -23.178000 6.685000 1
38661 -29.528000 -24.312000 5.826000 1
38662 -30.087000 -23.536000 5.574000 1
38671 -29.413000 -24.124000 4.962000 1
38672 -29.992000 -23.369000 4.451000 1
38676 -29.544000 -24.108000 4.019000 1
38677 -30.371000 -23.190000 3.416000 1
38681 -30.677000 -23.578000 2.541000 1
38682 -31.484000 -23.576000 1.718000 1
38687 -32.639000 -24.299000 0.627000 1
38688 -33.518000 -24.046000 0.015000 1
38692 -33.800000 -25.210000 -0.593000 1
39577 -30.892000 -23.008000 5.897000 1
39578 -31.609000 -22.587000 6.277000 1
39584 -30.667000 -22.864000 5.060000 1
39585 -31.429000 -22.479000 5.426000 1
39597 -30.668000 -22.679000 4.188000 1
39598 -31.378000 -22.241000 3.950000 1
39602 -30.917000 -22.576000 3.429000 1
39603 -31.499000 -22.281000 2.999000 1
39607 -30.995000 -22.897000 2.602000 1
39608 -31.736000 -22.655000 1.996000 1
39609 -32.659000 -22.421000 1.536000 1
39614 -32.442000 -23.262000 1.063000 1
39615 -33.377000 -22.979000 0.505000 1
40458 -32.272000 -21.980000 2.531000 1
122958 -31.253000 -30.089000 8.527000 1
124311 -32.051000 -29.337000 0.755000 1
125956 -30.643000 -32.151000 2.081000 1
126561 -28.606000 -27.697000 5.864000 1
127616 -28.497000 -31.848000 6.418000 1
129230 -30.400000 -24.984000 2.633000 1
129393 -28.801000 -29.492000 7.079000 1
129476 -30.488000 -27.080000 8.450000 1
130387 -31.003000 -28.961000 1.836000 1
130765 -29.668000 -27.767000 8.090000 1
131299 -29.846000 -31.950000 2.866000 1
131651 -30.693000 -24.146000 7.516000 1
133161 -30.690000 -26.316000 2.296000 1
133245 -28.550000 -30.555000 5.977000 1
134563 -32.352000 -25.688000 0.774000 1
134964 -28.698000 -30.739000 5.084000 1
135327 -29.099000 -30.922000 4.239000 1
136053 -31.436000 -24.149000 8.643000 1
137440 -28.712000 -27.560000 6.560000 1
138309 -28.621000 -28.452000 5.690000 1
138905 -29.566000 -28.881000 3.559000 1
139124 -31.079000 -27.577000 8.551000 1
139421 -29.161000 -27.777000 4.233000 1
141245 -32.970000 -25.281000 0.311000 1
141570 -31.204000 -22.418000 4.688000 1
141744 -29.879000 -30.623000 8.422000 1
143652 -28.596000 -31.918000 5.270000 1
143704 -29.140000 -28.592000 4.317000 1
144568 -28.714000 -28.704000 5.036000 1
144903 -30.549000 -23.488000 6.298000 1
145567 -29.888000 -23.634000 3.727000 1
146373 -29.230000 -24.904000 6.066000 1
