# Freesurfer label: sub-03 rnd6 tmax2 day2VA unionROI
116
28213 -37.850000 -33.972000 5.973000 1
28214 -38.459000 -34.058000 5.344000 1
29147 -38.053000 -33.338000 5.566000 1
29158 -38.574000 -33.325000 4.947000 1
29960 -37.017000 -31.929000 6.841000 1
29978 -37.574000 -32.367000 6.092000 1
29979 -38.150000 -32.576000 5.332000 1
29991 -38.726000 -32.596000 4.563000 1
29992 -39.338000 -32.520000 3.759000 1
29998 -40.078000 -32.704000 2.881000 1
29999 -40.870000 -32.822000 1.970000 1
30009 -40.340000 -31.856000 2.369000 1
30018 -41.344000 -32.936000 1.089000 1
30019 -41.335000 -32.190000 0.473000 1
30743 -37.077000 -31.047000 7.002000 1
30759 -37.472000 -31.387000 6.281000 1
30760 -37.912000 -31.665000 5.538000 1
30769 -38.419000 -31.847000 4.838000 1
30770 -39.214000 -31.605000 3.715000 1
30778 -39.694000 -31.258000 3.082000 1
30786 -40.176000 -30.877000 2.396000 1
30787 -40.768000 -31.226000 1.540000 1
31581 -37.263000 -30.005000 8.108000 1
31593 -37.376000 -30.296000 7.270000 1
31607 -37.722000 -29.932000 6.773000 1
31608 -37.888000 -29.981000 6.065000 1
31627 -37.801000 -30.783000 5.747000 1
31628 -38.223000 -30.187000 5.293000 1
31629 -44.649000 -30.771000 6.415000 1
31630 -45.220000 -30.693000 5.573000 1
31640 -38.629000 -30.415000 4.544000 1
31641 -39.190000 -30.645000 3.734000 1
31650 -39.724000 -30.522000 3.037000 1
31658 -40.096000 -30.023000 2.539000 1
31659 -40.621000 -30.315000 1.646000 1
32489 -37.871000 -29.416000 8.446000 1
32490 -38.644000 -28.896000 8.811000 1
32491 -42.864000 -29.525000 7.752000 1
32506 -37.882000 -29.570000 7.476000 1
32507 -38.524000 -29.085000 7.941000 1
32508 -42.724000 -29.299000 7.213000 1
32509 -43.375000 -29.808000 7.269000 1
32523 -38.180000 -29.411000 6.627000 1
32524 -42.760000 -28.770000 6.612000 1
32525 -43.332000 -29.331000 6.637000 1
32542 -38.483000 -29.316000 5.703000 1
32543 -44.671000 -29.921000 5.758000 1
32544 -45.432000 -29.755000 4.658000 1
32552 -38.642000 -29.698000 4.891000 1
32553 -39.051000 -29.715000 4.204000 1
32561 -39.616000 -29.719000 3.372000 1
32568 -40.101000 -29.272000 2.743000 1
32569 -40.597000 -29.355000 1.873000 1
33514 -40.259000 -28.530000 9.065000 1
33534 -39.230000 -28.729000 8.200000 1
33535 -39.982000 -28.591000 8.358000 1
33536 -40.756000 -28.652000 8.463000 1
33537 -41.607000 -28.814000 8.399000 1
33553 -39.002000 -28.731000 7.433000 1
33554 -39.676000 -28.525000 7.638000 1
33555 -40.402000 -28.479000 7.736000 1
33556 -41.184000 -28.648000 7.799000 1
33557 -42.036000 -29.063000 7.701000 1
33567 -38.834000 -28.756000 6.579000 1
33568 -39.593000 -28.202000 6.290000 1
33569 -40.806000 -28.108000 7.036000 1
33570 -41.515000 -28.477000 7.205000 1
33571 -42.128000 -28.623000 6.892000 1
33572 -43.317000 -28.375000 6.001000 1
33587 -39.060000 -28.649000 5.754000 1
33588 -39.590000 -28.309000 5.345000 1
33589 -43.981000 -27.878000 5.152000 1
33590 -44.125000 -28.967000 5.781000 1
33597 -39.083000 -28.968000 4.902000 1
33598 -40.248000 -28.118000 3.884000 1
33599 -44.695000 -28.256000 4.700000 1
33600 -45.324000 -28.617000 4.168000 1
33608 -39.912000 -28.841000 3.301000 1
33617 -40.622000 -28.422000 2.528000 1
34619 -40.771000 -27.743000 6.267000 1
34620 -41.523000 -27.881000 6.408000 1
34621 -42.490000 -27.916000 6.070000 1
34635 -40.257000 -27.820000 5.672000 1
34636 -41.049000 -27.588000 5.555000 1
34637 -41.874000 -27.577000 5.435000 1
34638 -42.533000 -27.566000 5.238000 1
34650 -40.069000 -28.036000 4.874000 1
34651 -40.647000 -27.733000 4.767000 1
34652 -41.397000 -27.550000 4.664000 1
34653 -42.266000 -27.461000 4.397000 1
34654 -43.595000 -27.485000 4.433000 1
34655 -44.521000 -27.475000 3.736000 1
34661 -40.992000 -27.804000 2.971000 1
34662 -41.705000 -27.558000 2.771000 1
34663 -42.590000 -27.319000 2.888000 1
122059 -41.055000 -27.663000 3.849000 1
123605 -42.902000 -27.465000 4.692000 1
125069 -43.084000 -27.336000 3.750000 1
125220 -38.465000 -29.079000 7.216000 1
129067 -39.693000 -31.996000 3.168000 1
131235 -39.409000 -28.433000 7.013000 1
131320 -39.497000 -28.614000 8.909000 1
131953 -38.206000 -31.017000 4.999000 1
133043 -40.007000 -28.140000 7.086000 1
133155 -37.519000 -30.558000 6.506000 1
134960 -38.714000 -31.243000 4.328000 1
135122 -43.581000 -27.155000 2.383000 1
136249 -39.521000 -28.931000 4.025000 1
137608 -41.091000 -32.096000 1.333000 1
139079 -39.671000 -28.451000 4.609000 1
139206 -40.278000 -27.895000 6.505000 1
139630 -41.745000 -27.509000 3.776000 1
141515 -44.893000 -29.061000 5.128000 1
145418 -38.855000 -31.963000 4.240000 1
146595 -37.810000 -32.873000 5.751000 1
147186 -43.840000 -27.309000 3.312000 1
