# stage2_2 (cortical surface) roi 2
129
19057 -28.8445 -43.6353 6.3179 1
19070 -29.3544 -43.1923 6.0539 1
19071 -29.8864 -43.1085 5.3851 1
19938 -29.8210 -42.6699 6.4409 1
19947 -29.9976 -42.5528 6.2702 1
19955 -30.1200 -42.6454 6.0041 1
19956 -30.6276 -42.3774 5.6572 1
19957 -32.0272 -42.1453 5.8293 1
19963 -30.9967 -42.7736 4.9529 1
20820 -30.3110 -42.1279 6.4372 1
20821 -31.1837 -41.6168 6.4781 1
20842 -30.6159 -42.1422 6.3056 1
20843 -31.6774 -41.7407 6.5149 1
20844 -32.3598 -41.7147 6.4689 1
21674 -31.0146 -41.6033 6.3798 1
21675 -31.9132 -41.0331 6.8731 1
21676 -32.2299 -41.2217 6.8711 1
21677 -32.6570 -41.1128 6.8320 1
21691 -32.5608 -41.4002 6.7666 1
22625 -31.8617 -40.9799 6.9096 1
22626 -32.0918 -40.6657 6.8834 1
22627 -32.1850 -40.1502 6.3869 1
22639 -31.3590 -41.2968 6.2859 1
22640 -32.3133 -40.2740 6.4935 1
23541 -31.8331 -40.5363 6.5114 1
23542 -32.0902 -40.0353 6.4071 1
23543 -32.1525 -39.7096 6.4312 1
23544 -32.1707 -39.5711 6.4623 1
23554 -31.6392 -40.7173 6.2236 1
23555 -32.0360 -40.1706 6.4163 1
23565 -31.7139 -40.6462 6.0396 1
23572 -31.6221 -40.8631 5.2751 1
23582 -31.7808 -40.7515 4.4116 1
24411 -32.1874 -39.4893 6.4497 1
24412 -32.1805 -38.6526 6.5693 1
24413 -32.1807 -38.9604 6.5972 1
24422 -32.2515 -38.9210 6.3590 1
24423 -32.2275 -39.6307 6.3240 1
24424 -32.1449 -38.2617 6.6114 1
24425 -32.2455 -38.9414 6.4772 1
24432 -32.3190 -39.5250 6.0176 1
24437 -32.4703 -39.7640 5.3810 1
24447 -32.7045 -39.7204 4.5947 1
24459 -32.6047 -40.2112 3.5671 1
25361 -31.6750 -37.3703 6.7490 1
25362 -31.8541 -37.7021 6.6888 1
25363 -32.0046 -37.9401 6.6606 1
25364 -32.0891 -38.2484 6.6235 1
25375 -32.0577 -37.8761 6.5819 1
25376 -32.1815 -38.4955 6.5266 1
25377 -31.9752 -37.5298 6.5786 1
25378 -32.0825 -37.5522 6.2869 1
25379 -32.2242 -38.2649 6.1018 1
25385 -32.1416 -38.1058 6.3594 1
25393 -32.2805 -38.3996 5.9090 1
25404 -32.4680 -38.5248 5.2874 1
25414 -32.8532 -38.7828 4.1945 1
25420 -32.8532 -39.4760 2.7630 1
25428 -33.0880 -38.7072 1.8419 1
26319 -31.2869 -36.4606 6.7665 1
26320 -31.4107 -36.9367 6.9542 1
26331 -31.0314 -35.7613 6.6229 1
26332 -31.2605 -36.4001 6.6826 1
26339 -31.2434 -36.0801 6.4293 1
26340 -31.8231 -37.2171 6.5565 1
26348 -31.5749 -36.4679 6.0662 1
26349 -32.0702 -37.3433 5.8278 1
26360 -31.7474 -36.2879 5.5893 1
26361 -32.3618 -37.4898 5.0050 1
26370 -32.3324 -36.5764 4.7722 1
26371 -32.8458 -37.5608 4.1337 1
26379 -33.1930 -37.5800 3.0231 1
26387 -33.4240 -37.6708 1.2476 1
26388 -33.6254 -37.3982 -0.1353 1
27214 -30.8159 -34.9090 6.5413 1
27215 -30.9985 -35.7026 6.6482 1
27221 -30.8553 -35.1931 6.4207 1
27237 -31.8895 -35.5935 5.1554 1
27243 -32.6639 -35.8891 4.2999 1
27244 -33.3997 -36.5069 2.9703 1
27257 -33.6189 -36.6532 1.0691 1
27258 -33.9220 -36.7286 -0.5030 1
28175 -30.5864 -34.1884 6.5916 1
28176 -30.6437 -34.4519 6.4966 1
28183 -30.5362 -34.2778 6.6651 1
28195 -30.8085 -34.5819 6.1499 1
28210 -31.2932 -34.5281 5.5087 1
28221 -31.9907 -34.7943 4.7072 1
28222 -32.9188 -35.2603 3.7136 1
28233 -33.5950 -35.7394 2.2118 1
28241 -33.9025 -35.2152 1.4038 1
29108 -30.5623 -33.8259 6.5372 1
29128 -30.5571 -33.7795 6.5295 1
29143 -30.8053 -33.5519 5.8812 1
29154 -31.3991 -33.6214 5.0408 1
29155 -32.3617 -34.2358 4.1667 1
29165 -32.9654 -33.9121 3.5973 1
29172 -33.7540 -34.1487 2.3424 1
29173 -34.5380 -34.8491 0.3417 1
29988 -31.3756 -32.6140 4.9800 1
29996 -32.9802 -33.2325 3.5102 1
30005 -33.9312 -33.4151 2.4841 1
30006 -34.3279 -33.8894 1.2097 1
30794 -35.0247 -33.0990 -0.5695 1
125600 -30.8750 -35.0422 6.5231 1
126357 -32.1949 -39.1215 6.5291 1
126901 -31.3500 -35.2702 5.7749 1
128997 -33.4754 -34.7656 3.0988 1
129019 -32.1743 -38.5855 6.5542 1
129043 -31.1867 -35.6175 6.0899 1
130168 -31.8867 -37.1960 6.2799 1
131521 -31.0320 -42.1903 6.2826 1
131599 -29.4051 -43.0436 6.2857 1
132701 -33.0169 -38.4091 3.2227 1
133848 -31.8460 -40.4476 5.7399 1
135511 -33.8294 -36.0393 0.6982 1
135782 -30.0419 -42.2012 6.7063 1
135795 -30.5700 -33.1901 6.4480 1
136268 -31.5459 -37.0263 6.7213 1
136408 -32.2357 -39.8924 6.2040 1
136754 -30.6312 -41.8743 6.4378 1
137092 -34.9907 -33.5430 0.2293 1
137149 -31.3902 -36.4985 6.5373 1
138897 -32.2343 -39.2930 6.4035 1
139232 -32.0868 -33.2980 4.3249 1
140167 -30.4500 -33.4588 6.5769 1
140976 -31.0071 -35.7363 6.6650 1
143344 -31.3682 -41.3142 6.3014 1
144253 -32.9279 -36.8056 3.9066 1
