# stage2_3 (non-target) roi 3
117
35641 -34.0966 -25.0964 7.5873 1
35642 -34.3871 -24.9013 7.7907 1
35653 -33.5652 -25.5854 7.2915 1
36648 -35.4165 -24.0006 8.3963 1
36660 -34.3622 -24.8676 7.9067 1
36661 -34.6726 -24.5670 8.1602 1
36662 -35.0909 -24.2974 8.2257 1
37652 -35.7228 -23.6096 8.5488 1
37669 -34.8116 -24.4388 8.3093 1
37670 -35.4215 -23.9730 8.4221 1
37688 -34.4953 -24.7034 7.8948 1
37772 -37.3744 -25.8677 -2.9627 1
37777 -37.2412 -24.9616 -4.4519 1
37778 -36.4677 -24.3891 -5.5229 1
38592 -35.8740 -23.3323 8.7082 1
38610 -35.5343 -23.9363 8.2216 1
38611 -35.6070 -23.6560 8.6232 1
38626 -34.8704 -24.5124 7.7924 1
38635 -35.0264 -24.4150 7.4998 1
38693 -37.7799 -24.9971 -2.7979 1
38697 -37.5596 -24.1758 -3.8399 1
38698 -37.3564 -23.4833 -4.8764 1
38699 -37.0386 -24.0347 -5.2595 1
39544 -35.9705 -23.2574 8.6483 1
39553 -35.6173 -23.9327 7.9829 1
39557 -35.1102 -24.5487 7.0081 1
39558 -35.7462 -23.8213 7.6310 1
39570 -34.8511 -24.6043 6.4515 1
39571 -35.6087 -24.0101 6.9976 1
39579 -35.7859 -24.3119 6.3284 1
39586 -35.6312 -24.5509 5.6845 1
39599 -35.5152 -24.6547 4.8178 1
39616 -37.9260 -23.8128 -0.6957 1
39620 -37.7451 -24.6959 -1.1945 1
39621 -38.1114 -24.0810 -2.3611 1
39622 -37.9277 -23.1520 -3.5374 1
39626 -36.6875 -23.2280 -5.6092 1
39627 -37.2264 -22.8565 -5.0557 1
40416 -36.2336 -23.1370 7.5232 1
40429 -36.4275 -23.4624 6.8656 1
40435 -36.4712 -23.6885 6.1219 1
40436 -37.1787 -22.5880 6.5712 1
40442 -36.4082 -23.8557 5.3418 1
40443 -37.2178 -22.9092 5.7213 1
40453 -35.1554 -24.0853 3.6249 1
40454 -36.4888 -23.9356 4.3914 1
40455 -37.0943 -23.1058 4.7516 1
40459 -36.0370 -23.5220 2.8989 1
40460 -37.9192 -21.9493 2.4300 1
40467 -36.2229 -23.3784 1.9989 1
40468 -37.4965 -22.7287 1.4208 1
40469 -38.3761 -21.7655 0.6556 1
40475 -37.0741 -23.5455 0.9329 1
40476 -38.1605 -22.8414 -0.1132 1
40477 -38.6335 -21.8694 -1.0344 1
40480 -35.1066 -21.2929 -5.5742 1
40481 -38.3687 -23.0214 -1.8127 1
40484 -37.4872 -22.0439 -4.1376 1
40485 -36.4612 -22.2726 -5.4344 1
41265 -37.4899 -21.1508 6.4251 1
41273 -37.5194 -21.4091 5.7410 1
41285 -37.5411 -21.7969 4.9645 1
41297 -37.5941 -21.8520 3.8908 1
41309 -38.9532 -20.6719 -0.2467 1
41311 -35.8302 -20.0521 -4.8258 1
41312 -38.5766 -20.5136 -2.1110 1
42247 -38.1806 -19.0107 -2.3625 1
42248 -35.8508 -18.7770 -4.4622 1
42249 -37.2196 -18.3004 -3.4639 1
43327 -34.4114 -17.6472 -4.9162 1
43328 -34.2137 -18.4876 -4.9264 1
43338 -35.9232 -17.7328 -4.2141 1
43339 -36.9353 -17.3599 -3.2146 1
44313 -32.4598 -16.8797 -5.8749 1
44314 -34.3172 -16.5987 -4.7335 1
44315 -35.7827 -16.7964 -4.0749 1
45286 -29.9429 -17.2541 -4.5630 1
45287 -30.9903 -16.6975 -4.9861 1
45288 -35.0801 -14.9750 -3.5496 1
45289 -35.4566 -15.8677 -3.8418 1
45297 -31.1796 -15.8799 -5.1404 1
45298 -32.5092 -15.9196 -5.7012 1
45299 -34.1780 -15.5804 -4.3675 1
46247 -27.8481 -17.0115 -3.2275 1
46248 -28.5360 -17.5060 -4.3722 1
46250 -34.6666 -14.2257 -3.2654 1
46256 -28.9700 -16.2657 -4.1819 1
46257 -29.7771 -16.3372 -4.9558 1
46258 -33.9470 -14.0125 -3.9316 1
46259 -34.0451 -14.6671 -4.1503 1
46271 -30.3568 -15.1200 -5.1271 1
46272 -31.1072 -15.3100 -5.2623 1
46273 -32.9436 -14.5539 -4.5387 1
47287 -27.7235 -16.2665 -3.5662 1
47298 -29.0169 -15.3880 -4.5226 1
47312 -30.1069 -14.4892 -5.4275 1
47313 -31.7467 -14.4170 -5.5454 1
48249 -30.9788 -13.5722 -5.6580 1
48250 -31.2020 -14.0279 -5.5974 1
49197 -30.1852 -12.9268 -5.6403 1
50235 -29.3718 -12.4936 -5.2443 1
50236 -30.4912 -12.3255 -6.0213 1
122111 -30.6608 -13.2091 -5.6972 1
126912 -37.0942 -22.9416 3.5331 1
129611 -35.9757 -23.1300 8.8401 1
133126 -38.4387 -21.9876 -2.8130 1
135350 -35.1363 -24.2266 8.2464 1
135840 -32.5357 -18.7389 -5.3192 1
136190 -35.0524 -24.3115 8.2540 1
138649 -37.6706 -25.5003 -1.6006 1
138674 -35.4356 -23.9977 8.4191 1
139746 -36.9585 -22.9367 2.4157 1
139756 -37.2696 -21.9887 6.1092 1
140438 -36.8612 -22.4087 7.3213 1
140493 -36.0131 -23.4234 8.1730 1
141536 -35.1651 -24.3482 7.7686 1
145515 -36.5954 -23.7987 -5.6795 1
