# Stage2 ROI 3
142
7804 -30.790333 -60.502998 4.672690 1
7805 -32.160061 -60.666283 5.099949 1
7806 -33.384655 -60.596161 5.438725 1
7807 -34.433147 -60.524578 5.669874 1
7808 -35.491997 -60.821915 4.528946 1
7817 -30.980318 -60.458160 2.749188 1
7818 -31.935320 -60.809654 3.564036 1
7819 -33.015350 -61.126171 4.020683 1
7820 -34.218395 -60.894741 4.299550 1
7835 -35.158508 -61.160896 1.865823 1
7836 -35.874802 -61.376400 2.695404 1
8446 -32.923344 -59.861565 7.711934 1
8447 -34.313904 -59.801727 7.458962 1
8448 -35.420555 -59.691647 6.958858 1
8449 -36.733356 -59.671768 6.314649 1
8464 -32.656792 -60.369190 6.629608 1
8465 -33.877483 -60.253166 6.853014 1
8466 -34.967060 -60.249485 6.430781 1
8467 -38.117207 -60.229797 5.142354 1
8478 -36.387997 -61.644382 3.471906 1
8479 -37.498783 -60.791000 3.372262 1
8492 -36.280788 -61.520660 2.385262 1
8493 -36.854858 -60.079765 1.396385 1
9179 -34.854370 -59.039200 7.989884 1
9180 -35.817879 -59.082752 7.436031 1
9181 -36.736637 -58.570442 7.231639 1
9193 -37.894958 -58.974442 6.151336 1
9194 -38.968414 -58.328854 6.031960 1
9205 -38.751785 -59.684475 3.992411 1
9206 -39.690392 -58.788414 4.702484 1
9220 -38.007408 -59.060528 1.795103 1
9221 -39.148411 -58.396023 2.887105 1
9238 -36.871727 -58.778278 0.201152 1
9905 -35.494747 -58.050220 8.073132 1
9906 -36.650928 -57.139282 7.640026 1
9907 -37.934021 -57.814358 7.033500 1
9920 -40.354420 -57.861393 5.941252 1
9921 -41.135151 -57.114285 5.463980 1
9922 -41.446617 -56.478634 4.948623 1
9937 -40.232201 -57.653244 4.026206 1
9938 -40.834656 -56.888111 4.178879 1
9952 -37.321705 -57.562626 -0.282900 1
9953 -39.265247 -57.192623 1.647533 1
9954 -40.205868 -56.676529 2.538485 1
9969 -34.011330 -57.232254 -2.903183 1
9970 -34.832970 -56.824997 -2.971893 1
10689 -36.462200 -55.625584 7.998773 1
10690 -37.847305 -56.422749 7.502312 1
10702 -39.044289 -57.059940 6.749607 1
10703 -40.202564 -56.433716 6.549826 1
10704 -41.498722 -56.321407 5.775886 1
10705 -41.860855 -55.952599 5.110380 1
10720 -41.023537 -56.320873 3.563234 1
10721 -41.503853 -55.684216 3.664091 1
10736 -36.718117 -55.017090 -2.694735 1
10737 -37.930962 -56.405136 -0.608399 1
10738 -39.116253 -55.881859 0.109920 1
10739 -40.366283 -55.648510 1.605644 1
10753 -35.538227 -55.077793 -2.985606 1
10754 -36.490253 -56.195831 -2.065496 1
11483 -37.953060 -54.838951 7.433061 1
11484 -39.199558 -55.109791 6.903198 1
11485 -40.562382 -55.374161 6.225543 1
11486 -41.756443 -55.479240 5.495606 1
11500 -42.179562 -55.380161 4.928712 1
11501 -42.167976 -54.638260 4.444580 1
11517 -36.995850 -54.209072 -2.571468 1
11518 -38.235847 -54.565590 -1.753394 1
11519 -39.179871 -54.713207 -0.792765 1
11520 -41.046993 -54.966652 1.996696 1
11521 -41.622086 -54.376217 2.392784 1
11532 -35.656799 -54.428867 -2.606750 1
12259 -39.580311 -54.195332 6.705443 1
12260 -41.003799 -53.469460 6.041868 1
12272 -42.329796 -53.836945 5.110893 1
12273 -42.343662 -53.830273 3.287287 1
12280 -33.375031 -52.696724 -1.200724 1
12281 -35.403126 -53.331997 -1.876918 1
12282 -37.883091 -53.856525 -2.147385 1
12283 -39.209675 -54.118580 -1.243365 1
12284 -40.456085 -54.111977 0.047333 1
12285 -41.362915 -53.573307 0.858570 1
12293 -34.265671 -53.631126 -1.648506 1
13096 -40.405735 -52.557835 6.449943 1
13097 -41.951069 -53.040558 5.681583 1
13106 -42.662655 -53.107086 4.494807 1
13114 -34.742523 -52.528984 -0.965168 1
13115 -36.167484 -52.142551 -0.297455 1
13116 -37.859650 -52.381832 -1.392387 1
13117 -39.340366 -52.418503 -2.163594 1
13931 -42.312054 -52.187473 5.597283 1
13932 -43.105701 -52.587944 4.039298 1
13933 -43.462921 -52.035316 3.548870 1
13940 -31.904959 -51.021923 -0.958819 1
13941 -34.519943 -51.709705 -0.580785 1
13942 -36.009407 -51.471710 0.058488 1
13943 -37.599503 -51.468643 -0.827350 1
13945 -42.693523 -52.152351 1.543151 1
13955 -31.026560 -50.444500 -1.028250 1
14771 -42.303947 -51.442627 5.883856 1
14772 -43.305222 -51.639370 5.318914 1
14773 -43.807320 -51.415081 2.930083 1
14784 -31.897308 -50.126640 -0.887421 1
14785 -33.974281 -50.145920 -0.003943 1
14786 -35.513622 -49.986347 -0.209492 1
14787 -37.306763 -50.232712 -0.832264 1
15615 -43.881348 -51.344170 4.827362 1
15623 -31.078373 -48.903736 -1.614770 1
15624 -32.649406 -49.292068 -0.879762 1
15625 -34.245472 -49.071564 -0.364276 1
15626 -36.296463 -48.942028 -0.797190 1
15636 -37.616703 -49.331657 -1.111042 1
123830 -35.661205 -56.527023 8.150667 1
126133 -35.223610 -55.929485 -3.069578 1
126215 -36.866951 -60.671970 4.985970 1
126392 -38.387714 -57.717403 1.081811 1
127392 -32.899734 -60.990940 2.613915 1
128038 -38.743111 -53.100956 7.128932 1
128427 -39.186272 -53.275307 -1.951508 1
128676 -37.878021 -55.291233 -1.484990 1
128884 -31.399406 -60.384315 6.256741 1
128925 -34.040417 -61.229488 3.014853 1
129133 -33.159615 -51.071255 -0.738706 1
132429 -37.947464 -53.209156 -1.735655 1
132918 -40.101624 -54.767559 0.264107 1
133598 -34.980408 -50.799156 0.239646 1
133749 -40.937435 -54.513580 5.925865 1
134007 -38.806351 -55.960930 7.248162 1
134303 -37.764950 -55.469627 7.757340 1
134511 -42.969849 -52.002186 5.071350 1
134575 -39.948971 -53.333035 6.508797 1
134745 -42.131012 -54.797306 5.330893 1
135200 -33.102093 -51.847530 -1.076403 1
136063 -35.942772 -60.326054 5.958588 1
138298 -36.455692 -52.936897 -0.936658 1
139358 -41.497009 -56.145950 4.358694 1
139492 -36.275833 -50.785030 -0.200702 1
143589 -31.992485 -60.019791 7.552339 1
145187 -36.731224 -53.640175 -1.871811 1
146144 -38.995453 -59.528835 5.307741 1
146597 -34.993134 -61.451630 3.191803 1
146739 -41.953659 -55.075825 3.719759 1
