# stage2_3 (non-target) roi 1
147
46179 -36.3225 -14.9290 5.0879 1
46194 -34.5923 -14.2405 4.0306 1
46195 -36.1472 -14.5948 4.9111 1
46213 -33.8988 -14.0111 3.4467 1
46214 -34.7474 -14.4848 3.1149 1
46228 -33.9131 -13.8777 2.4997 1
46240 -34.0950 -13.5188 0.9972 1
46241 -34.9749 -13.8017 -1.6062 1
46249 -34.2640 -13.5746 -3.0265 1
47215 -35.3022 -14.0888 4.8225 1
47216 -35.9434 -14.2686 4.9646 1
47229 -33.6623 -13.7575 3.9772 1
47230 -34.4312 -13.9655 4.4166 1
47250 -33.1240 -13.0146 2.5434 1
47251 -33.4539 -13.5525 3.1197 1
47266 -33.5312 -13.2608 1.8120 1
47279 -33.2926 -12.5774 0.7047 1
47280 -33.8653 -12.8879 -0.2073 1
47288 -33.3679 -12.5849 -3.3932 1
47289 -33.8553 -12.9366 -2.6939 1
47299 -32.7449 -13.3427 -4.2254 1
47300 -33.3505 -13.6502 -4.0365 1
48148 -35.4860 -13.8779 5.1138 1
48160 -34.8518 -13.5759 4.8354 1
48161 -34.8376 -13.3847 4.8731 1
48165 -33.4441 -13.3608 4.2496 1
48166 -33.7565 -13.2388 4.6283 1
48181 -33.0884 -12.8798 3.8016 1
48192 -32.9085 -12.4512 1.9378 1
48208 -33.2616 -11.9019 -2.6948 1
48209 -33.2828 -12.0566 -1.0523 1
48223 -33.2780 -12.2528 -3.1169 1
48236 -32.3392 -12.3980 -4.2406 1
48237 -32.3873 -12.9165 -4.4104 1
49092 -34.8707 -13.3130 4.8696 1
49108 -34.0514 -13.0869 4.8549 1
49109 -34.2804 -13.0018 4.8828 1
49110 -34.6068 -13.0672 4.8127 1
49117 -33.2359 -12.7396 4.0720 1
49118 -33.5275 -12.9516 4.5371 1
49130 -32.8927 -12.4199 2.9196 1
49131 -33.0525 -12.3793 3.4286 1
49144 -32.7750 -11.9861 1.8711 1
49153 -33.0876 -11.6809 -1.0220 1
49154 -32.8470 -11.6187 0.5375 1
49168 -32.9907 -11.7558 -2.9539 1
49185 -32.0279 -12.2101 -4.6471 1
50142 -33.7928 -12.8364 4.6307 1
50143 -34.0008 -12.6686 4.5997 1
50144 -34.4312 -12.8200 4.6370 1
50156 -33.2195 -12.3179 3.6514 1
50157 -33.4595 -12.6444 4.1773 1
50166 -32.8473 -11.9030 2.6584 1
50167 -33.0047 -11.8297 3.0729 1
50181 -32.7907 -11.4858 1.6487 1
50196 -33.0796 -11.4351 -1.1668 1
50197 -32.8996 -11.1221 0.3034 1
50210 -32.8922 -11.5501 -3.2652 1
51167 -33.5941 -12.2887 3.8846 1
51168 -33.8595 -12.3000 4.0835 1
51169 -34.3420 -12.5598 4.3216 1
51181 -33.1880 -11.8451 3.1876 1
51182 -33.2745 -11.8419 3.2243 1
51183 -33.3479 -11.7876 3.2082 1
51184 -33.7785 -12.0389 3.6275 1
51193 -32.9381 -11.3518 2.3238 1
51194 -33.0544 -11.2986 2.6375 1
51195 -33.0585 -11.3057 2.6835 1
51207 -32.8848 -10.9431 1.4175 1
51224 -32.9711 -10.6972 -0.5303 1
51225 -33.0159 -10.6306 0.5625 1
51238 -33.0859 -10.9525 -2.4187 1
52218 -33.0798 -11.2395 2.6130 1
52219 -33.0321 -11.0027 2.3966 1
52220 -33.2425 -11.4698 2.7829 1
52221 -33.5081 -11.6275 2.8481 1
52236 -32.9602 -10.7611 2.1797 1
52237 -32.9686 -10.7074 2.1562 1
52238 -32.9542 -10.6190 2.1000 1
52239 -33.0258 -10.8937 2.0427 1
52240 -33.1642 -11.1339 1.9063 1
52252 -33.0081 -10.3035 1.5003 1
52253 -33.0431 -10.4613 0.6668 1
52268 -33.0028 -10.2139 0.0685 1
52269 -33.0830 -10.3055 1.0281 1
52287 -32.9882 -10.2986 -1.2445 1
52303 -32.9857 -10.5983 -3.0892 1
53196 -32.9896 -10.7337 2.1031 1
53213 -32.9541 -10.3273 1.7176 1
53214 -32.9508 -10.0726 1.5007 1
53215 -32.9575 -10.2318 1.6586 1
53216 -32.9811 -10.1508 1.6463 1
53217 -33.1154 -10.2290 1.2333 1
53235 -32.9780 -9.6327 0.9401 1
53236 -32.9935 -9.7724 1.1824 1
53237 -33.0083 -9.2906 0.7972 1
53238 -33.0546 -9.3250 0.5196 1
53239 -33.0392 -9.4051 -0.0365 1
53251 -32.9439 -9.8089 -0.6911 1
53252 -33.0465 -9.7026 0.2640 1
53266 -33.1107 -9.6075 -1.5206 1
53267 -32.9988 -9.2473 -0.6609 1
53281 -33.1442 -9.9426 -3.4785 1
54232 -33.0199 -9.4603 0.8973 1
54233 -33.0500 -9.4197 0.9764 1
54252 -32.9574 -8.9127 0.5166 1
54253 -33.0678 -8.6509 0.4214 1
54254 -33.1488 -8.6696 0.4022 1
54255 -33.1679 -8.3216 -0.2761 1
54256 -33.3044 -8.3250 -0.9153 1
54270 -33.1045 -8.2150 -0.1554 1
54283 -33.2594 -9.0477 -2.0261 1
54298 -33.7465 -8.1172 -2.8667 1
55262 -33.2203 -8.0180 0.0076 1
55263 -33.4252 -8.0111 0.0861 1
55264 -33.4743 -7.9640 0.0872 1
55265 -33.8648 -7.2749 -1.4537 1
55266 -33.6707 -7.5206 -1.5129 1
55281 -33.4016 -7.5490 -0.9638 1
55282 -33.5932 -7.1811 -0.9382 1
55283 -33.8106 -7.1410 -0.8626 1
55294 -33.8097 -7.2617 -1.8594 1
56276 -33.7419 -7.1347 -1.0804 1
56277 -33.7843 -7.0844 -1.1528 1
56295 -34.5717 -5.6858 -2.3005 1
56296 -34.6903 -5.8527 -2.2772 1
122164 -34.3645 -6.4604 -1.9541 1
125323 -33.1816 -13.2591 3.5878 1
125411 -33.0407 -9.0164 0.1622 1
125879 -33.3397 -13.0291 4.3401 1
126426 -33.0157 -10.8015 1.9484 1
126761 -33.4225 -7.8697 -0.2379 1
128581 -34.4588 -13.1905 -1.1414 1
129929 -32.9116 -11.9941 0.6557 1
130749 -33.7108 -12.3854 -1.8944 1
132197 -33.3957 -12.2845 3.7517 1
132772 -33.0539 -11.1323 -1.2767 1
134927 -35.6468 -14.0890 5.0066 1
136987 -33.0403 -10.0068 -1.8357 1
139377 -33.2396 -8.3743 -0.7709 1
139801 -32.9903 -12.8222 3.0929 1
141587 -34.1024 -13.6627 4.5900 1
142784 -33.0711 -8.5747 0.3791 1
144516 -33.7882 -13.6522 4.3283 1
144814 -33.5538 -11.9463 3.4624 1
146745 -33.6609 -12.5626 4.2409 1
147265 -33.0143 -12.2476 0.7091 1
