# opus stage2 label
66
37320 -36.5824 -38.7621 -16.5132 1
37321 -37.4423 -39.1247 -16.6427 1
37336 -36.8038 -38.6192 -17.0503 1
37337 -37.7795 -38.9524 -17.2130 1
37338 -38.6741 -38.8706 -17.7704 1
37339 -39.8203 -38.7576 -17.9724 1
38422 -35.6555 -38.0443 -16.6828 1
38440 -36.5724 -37.9968 -17.5390 1
38441 -37.2515 -38.0681 -17.9793 1
38455 -37.6551 -37.5980 -18.5688 1
38456 -38.7464 -38.3118 -18.5604 1
38457 -39.4067 -38.1951 -18.9817 1
38470 -40.4284 -38.3136 -19.2901 1
38484 -42.0631 -37.9336 -20.1890 1
39558 -36.6699 -36.5058 -18.3200 1
39559 -37.0770 -36.0167 -18.9528 1
39571 -38.0763 -37.1751 -19.2572 1
39572 -38.7389 -37.0322 -20.1221 1
39587 -40.0698 -37.5477 -20.2786 1
39588 -40.8416 -37.6900 -20.4989 1
39602 -39.9318 -37.0995 -21.0352 1
39603 -40.9609 -37.4499 -21.2184 1
39604 -42.5269 -37.6889 -21.0075 1
39605 -43.5517 -37.2787 -21.2953 1
39617 -41.1845 -37.0151 -21.9230 1
39618 -42.2503 -37.1958 -21.9410 1
39619 -42.7683 -36.8871 -22.4426 1
40641 -37.0995 -33.6644 -17.9150 1
40654 -36.6777 -35.0573 -18.2593 1
40655 -37.2168 -34.7915 -18.6527 1
40670 -37.7702 -35.4287 -19.4632 1
40671 -38.6478 -35.1804 -20.0970 1
40686 -39.2728 -35.4185 -20.6893 1
40687 -39.3968 -34.3731 -20.8011 1
40702 -40.0261 -35.9707 -21.4375 1
40703 -40.5084 -35.4999 -22.1207 1
40704 -44.8589 -36.7144 -20.3450 1
40715 -41.5096 -36.6251 -22.6316 1
40716 -44.4407 -36.7405 -21.6778 1
40728 -41.9671 -36.3681 -23.2102 1
41765 -37.6307 -32.3792 -17.6548 1
41766 -38.1927 -32.3373 -18.1618 1
41776 -37.6874 -33.6274 -18.4586 1
41777 -38.3881 -33.5178 -19.0921 1
41778 -38.9909 -32.6795 -19.0945 1
41793 -38.9465 -33.9304 -19.9541 1
41794 -39.5029 -32.6060 -19.6821 1
41807 -39.9134 -33.3208 -20.7148 1
41808 -40.3876 -33.7732 -21.6816 1
41820 -41.0837 -34.9384 -22.7027 1
41831 -41.8340 -35.4110 -23.7725 1
42890 -38.6438 -31.1928 -17.9931 1
42903 -38.7442 -32.1395 -18.4860 1
42904 -39.2248 -31.3581 -18.6437 1
42918 -39.9300 -31.0452 -19.1397 1
42919 -40.4282 -30.9775 -19.7657 1
42932 -40.0514 -32.0287 -19.9435 1
42933 -40.4382 -32.2666 -20.6052 1
42948 -40.9157 -32.4890 -21.4461 1
43993 -39.0946 -30.1848 -17.9206 1
43994 -39.6984 -30.0821 -18.4477 1
137950 -40.8845 -31.0919 -20.4734 1
141557 -40.7996 -33.5626 -22.4348 1
142436 -39.8898 -34.5598 -21.4294 1
144419 -40.8090 -38.4750 -18.0847 1
149276 -39.2759 -36.5518 -20.5272 1
