# opus stage2 label
32
11398 -38.0780 -61.4821 -27.5515 1
11413 -37.7144 -61.2867 -28.4660 1
11419 -36.8944 -60.8421 -30.1602 1
12410 -40.2467 -60.3990 -25.5319 1
12411 -41.0948 -59.9429 -24.8832 1
12425 -39.6783 -60.4163 -26.3765 1
12455 -37.6506 -60.5259 -29.4417 1
12476 -36.5185 -59.8000 -31.3101 1
12477 -37.3814 -59.2801 -30.8098 1
12497 -36.0629 -58.4321 -32.4339 1
12498 -36.7645 -58.4286 -31.8248 1
13464 -42.1720 -59.2592 -23.3747 1
13479 -40.2712 -59.7418 -26.4244 1
13480 -41.0471 -59.3727 -25.6828 1
13488 -40.8582 -58.7615 -26.6791 1
13497 -39.3243 -59.6704 -27.9473 1
13498 -40.1085 -59.1253 -27.4184 1
13530 -37.2387 -57.5315 -31.8636 1
13549 -36.0255 -56.8915 -33.2781 1
13550 -36.5924 -57.2472 -32.5754 1
14632 -42.6816 -57.7363 -23.9500 1
14640 -41.7759 -58.9543 -24.9820 1
14641 -42.3936 -57.8312 -24.9497 1
14651 -41.6862 -58.1888 -25.9568 1
14705 -36.4280 -56.2071 -33.2278 1
14719 -35.7708 -57.0719 -33.3664 1
15775 -42.7903 -57.0501 -24.3830 1
142426 -38.4497 -60.3702 -28.4748 1
143446 -42.3090 -58.5899 -24.0903 1
155253 -39.6890 -59.9860 -27.0363 1
156028 -39.0113 -60.7287 -27.1060 1
159716 -35.6952 -56.5158 -33.2352 1
