# opus stage2 label
96
58933 -40.7666 -15.1624 -14.8226 1
58947 -41.0142 -15.3812 -15.4490 1
58957 -41.1821 -15.0135 -16.3349 1
58958 -41.3262 -14.8533 -17.3504 1
58965 -41.1641 -14.2274 -17.2608 1
58975 -40.4346 -13.4578 -19.7610 1
59901 -40.7896 -13.9705 -15.4925 1
59912 -40.9829 -13.6548 -16.2377 1
59920 -40.8841 -13.4515 -17.7934 1
59921 -40.9702 -13.9271 -18.3548 1
59932 -40.4058 -13.0654 -19.0253 1
59948 -39.6697 -12.8192 -20.3719 1
60979 -40.8141 -13.4344 -14.6678 1
60991 -40.5818 -12.2784 -16.1189 1
61004 -40.5689 -12.4376 -16.8176 1
61005 -40.9264 -12.9525 -17.1328 1
61013 -40.4491 -12.1851 -17.7700 1
61014 -40.4560 -12.5475 -18.4590 1
61023 -39.6186 -12.1455 -19.3281 1
61024 -39.7997 -12.5472 -19.5354 1
61035 -39.0419 -12.4557 -20.8113 1
61991 -40.6007 -12.4902 -14.6842 1
62001 -40.7332 -12.5483 -15.1573 1
62021 -40.1423 -11.9750 -17.1050 1
62030 -39.8025 -11.8739 -18.5800 1
62038 -39.1034 -12.0100 -20.4449 1
62047 -38.3389 -12.4901 -21.9721 1
62925 -40.2624 -11.8900 -14.6284 1
62938 -40.0891 -11.3363 -15.8264 1
62939 -40.4068 -11.9330 -15.1933 1
62947 -39.9473 -11.3068 -16.3391 1
62948 -40.3317 -11.8000 -15.8491 1
62960 -40.0609 -11.3349 -17.6346 1
62970 -39.7411 -11.3428 -18.7952 1
62979 -39.2987 -11.4593 -20.2001 1
62991 -38.7097 -11.7883 -21.7445 1
63875 -40.0023 -11.3689 -15.1458 1
63882 -40.2065 -11.4795 -15.2928 1
63891 -39.7565 -10.8101 -16.4594 1
63903 -39.8892 -10.9049 -17.1566 1
63926 -39.5880 -10.8866 -19.6635 1
63941 -39.3375 -11.0595 -21.2611 1
63957 -38.6033 -10.6889 -23.8650 1
64835 -39.9975 -11.2604 -15.1717 1
64836 -40.0159 -11.1895 -15.2158 1
64843 -39.8178 -10.8340 -15.5820 1
64844 -39.7853 -10.7212 -15.6639 1
64849 -39.7820 -10.8004 -15.9880 1
64850 -39.7480 -10.4384 -16.0022 1
64858 -39.3575 -9.7216 -16.9929 1
64859 -39.5474 -10.1140 -16.4320 1
64878 -39.9891 -9.7388 -20.1081 1
64885 -39.7623 -9.8255 -22.1570 1
65794 -39.9339 -10.8311 -15.5614 1
65800 -39.6534 -10.2607 -16.0528 1
65801 -39.7021 -10.0839 -16.2278 1
65802 -39.7103 -10.2347 -16.0694 1
65808 -39.5765 -9.7719 -16.4865 1
65809 -39.4042 -9.6935 -16.4649 1
65816 -39.2023 -9.4436 -16.8679 1
65828 -39.3611 -9.2740 -17.4512 1
65834 -39.8033 -9.1950 -18.9403 1
66826 -39.5157 -9.6334 -16.4067 1
66832 -39.1803 -9.1332 -16.8626 1
66843 -39.1344 -8.9933 -17.2180 1
66856 -39.5132 -8.7187 -18.1971 1
66857 -39.4598 -8.2412 -17.8131 1
66862 -39.8981 -8.5674 -19.5406 1
66870 -39.9348 -8.4178 -21.0704 1
67850 -39.2025 -8.4737 -17.1448 1
67860 -39.4620 -7.7687 -17.6642 1
67876 -39.7493 -7.5099 -18.4470 1
134157 -40.9336 -12.9756 -16.1770 1
134381 -39.1659 -8.5211 -17.3051 1
136635 -39.6965 -10.4082 -20.7626 1
137006 -39.9576 -10.9819 -15.6034 1
137549 -40.9534 -13.1143 -15.3839 1
139491 -38.1376 -11.4053 -23.8517 1
140995 -39.6732 -9.7785 -17.9953 1
141288 -39.9195 -10.2776 -19.1576 1
141329 -39.6525 -10.1772 -17.1164 1
141614 -40.4130 -12.1778 -14.6440 1
141685 -39.7747 -10.7889 -18.3622 1
142412 -41.0950 -13.9494 -16.7229 1
146666 -39.3510 -10.5226 -22.6219 1
147271 -40.9409 -14.5171 -15.8135 1
147449 -39.7715 -10.3224 -17.8791 1
148614 -39.3039 -9.2083 -16.7002 1
148950 -40.1139 -11.5814 -16.6341 1
151066 -40.0686 -11.7152 -17.9186 1
151760 -39.6255 -10.3398 -16.5523 1
152604 -38.8855 -11.1101 -22.7237 1
153281 -39.4699 -11.7749 -19.4222 1
156269 -39.8975 -9.4368 -21.2281 1
157277 -39.9610 -12.1581 -18.5064 1
158101 -39.1509 -9.3354 -16.8910 1
