# opus stage2 label
33
38531 -40.9867 -34.4138 -25.7854 1
39652 -40.7300 -33.5967 -26.1463 1
39657 -40.7339 -34.0632 -25.8846 1
39658 -40.6394 -33.5319 -26.8690 1
40759 -40.6461 -32.8778 -26.6746 1
40762 -40.4238 -33.1019 -27.1613 1
41865 -41.6680 -33.4896 -23.7632 1
41866 -41.7899 -32.7215 -24.0244 1
41871 -40.9511 -33.3742 -25.4423 1
41872 -41.1572 -32.1847 -25.6043 1
41877 -40.3059 -31.5229 -27.5987 1
41878 -40.9084 -32.0058 -26.9149 1
41881 -40.6056 -32.1083 -27.5670 1
42986 -41.9815 -32.1844 -23.8407 1
42993 -41.3415 -31.5656 -25.1868 1
42999 -40.4927 -30.8422 -26.8179 1
43003 -39.8810 -30.8167 -27.6125 1
43004 -40.6770 -31.4156 -27.1154 1
44081 -41.4366 -30.9667 -24.7106 1
44092 -39.6117 -29.8128 -26.8074 1
44093 -40.1081 -29.5637 -26.1622 1
44097 -39.0826 -29.9626 -27.5576 1
45105 -39.1797 -28.4229 -26.1176 1
45116 -38.7010 -28.8874 -26.7089 1
46156 -37.8345 -27.3822 -25.5190 1
47126 -38.1310 -27.1117 -24.8843 1
48122 -35.3434 -25.9986 -24.0049 1
48123 -36.5375 -25.6424 -24.2019 1
48131 -38.4663 -26.7708 -24.6091 1
134450 -41.2845 -34.4602 -27.2744 1
139135 -40.9485 -29.9002 -24.7458 1
152436 -40.6329 -30.4546 -26.1029 1
155479 -37.6229 -26.1164 -24.4076 1
