# opus stage2 label
92
26580 -46.3076 -47.3683 -18.6150 1
27714 -44.6565 -46.4681 -17.4446 1
27715 -45.9604 -46.3297 -18.1705 1
27716 -47.0309 -46.3409 -19.3427 1
28753 -43.4264 -45.6063 -11.3446 1
28754 -44.1161 -44.8971 -11.3416 1
28760 -42.0163 -46.2558 -12.0570 1
28761 -43.9899 -45.6635 -12.1600 1
28762 -44.9271 -44.3769 -11.9820 1
28775 -40.8384 -47.0962 -13.3368 1
28776 -42.5794 -46.2054 -13.3201 1
28778 -44.8254 -44.9648 -12.6670 1
28793 -41.7622 -46.9459 -14.3744 1
28794 -43.4408 -46.2214 -14.1575 1
28808 -42.3827 -46.5761 -15.7370 1
28809 -43.6889 -45.9962 -15.5016 1
28823 -41.3868 -46.5803 -17.0236 1
28824 -43.0839 -46.1977 -16.4349 1
28839 -41.5073 -46.6487 -17.4620 1
28849 -41.6517 -46.7930 -17.6278 1
28850 -42.8509 -46.5275 -17.3564 1
28851 -43.9812 -45.8865 -17.2111 1
28860 -41.8604 -46.8722 -17.6745 1
28861 -43.0198 -46.4558 -17.3293 1
28862 -44.1927 -45.8848 -17.2998 1
28863 -45.5979 -45.3342 -17.7466 1
28864 -46.8257 -44.9267 -19.0258 1
28865 -47.6089 -44.0906 -20.0436 1
29789 -45.1967 -43.7916 -10.9620 1
29795 -45.1913 -43.0311 -11.8378 1
29807 -45.3767 -43.6850 -12.6625 1
29808 -45.5470 -43.1282 -13.6810 1
29819 -44.8113 -45.2392 -14.8527 1
29820 -45.3994 -44.3808 -14.2583 1
29821 -45.7257 -43.2247 -14.5874 1
29835 -45.0532 -44.8828 -15.6855 1
29836 -45.7785 -43.2612 -15.3652 1
29850 -42.8985 -46.2626 -17.0635 1
29851 -44.5304 -45.2274 -16.7003 1
29852 -45.6930 -43.5833 -16.1027 1
29863 -42.7982 -46.4737 -17.2689 1
29864 -44.0849 -45.6400 -17.0784 1
29865 -45.4541 -44.1217 -16.8172 1
29876 -43.7250 -46.0183 -17.2005 1
29877 -45.0333 -44.8898 -17.1633 1
29878 -46.8569 -42.2586 -18.3717 1
29879 -47.3838 -41.5954 -19.4194 1
29890 -45.2073 -44.8999 -17.4053 1
29891 -46.4493 -43.9086 -18.2042 1
29892 -47.2658 -43.1523 -19.2185 1
29893 -47.4961 -42.6214 -20.1833 1
30811 -44.8541 -42.7544 -11.0398 1
30822 -43.3357 -40.9973 -12.0068 1
30823 -44.1721 -41.5029 -12.3009 1
30836 -43.6695 -40.5730 -13.2425 1
30854 -44.6521 -40.8439 -13.8753 1
30855 -45.5604 -41.9870 -14.4098 1
30875 -45.7744 -41.9098 -15.0830 1
30888 -45.9800 -41.9507 -15.7657 1
30889 -45.6306 -40.3571 -16.2502 1
30907 -46.1632 -42.1889 -16.4309 1
30908 -46.1204 -40.4556 -17.0361 1
30909 -46.2034 -39.7063 -18.1189 1
30929 -46.1485 -42.8051 -17.0523 1
30930 -46.5741 -41.4824 -17.6671 1
30931 -46.8265 -40.6534 -18.7014 1
30932 -46.9343 -40.3857 -19.8092 1
30947 -47.3733 -41.3956 -20.3739 1
31924 -43.5646 -39.4408 -14.7605 1
31925 -44.8779 -40.5141 -14.8473 1
31943 -43.8273 -39.2471 -15.6161 1
31944 -45.2185 -40.3369 -15.6009 1
31962 -44.1146 -39.0512 -16.5314 1
31978 -45.1172 -38.9861 -17.8601 1
32006 -46.2983 -39.5152 -20.3148 1
32016 -46.2233 -39.6567 -21.3109 1
32017 -46.9441 -40.5482 -20.7803 1
135206 -45.0930 -42.1177 -12.8462 1
136596 -42.8828 -40.1598 -12.8297 1
136850 -46.1515 -43.4187 -17.5245 1
139319 -45.5853 -38.9754 -20.8054 1
139506 -45.1758 -44.7215 -13.4190 1
142645 -43.3137 -46.5993 -17.3793 1
143480 -43.8832 -47.5128 -17.2002 1
144348 -42.3493 -47.0847 -17.6653 1
148874 -42.8114 -46.7271 -14.8817 1
149101 -42.1970 -46.7861 -17.5808 1
151485 -43.7914 -45.9758 -14.7240 1
152778 -45.0215 -39.3022 -17.0080 1
153413 -42.4767 -39.4956 -13.6011 1
154753 -45.4931 -44.1905 -14.9493 1
155867 -47.6784 -45.3594 -19.9514 1
