# opus stage2 label
17
53805 -42.0831 -19.7678 -17.6658 1
53806 -42.3979 -19.8049 -18.9109 1
53819 -42.9163 -19.6712 -19.4178 1
53831 -43.1549 -18.8474 -20.1797 1
54881 -41.7057 -19.3091 -17.0048 1
54888 -42.0683 -18.8033 -17.7061 1
54889 -42.1873 -19.0072 -18.5597 1
54903 -42.7597 -18.8456 -19.2686 1
55890 -42.0259 -17.3591 -16.9609 1
55891 -42.4536 -16.9897 -17.4630 1
55898 -42.0206 -18.0512 -17.3767 1
55899 -42.4806 -17.7788 -18.1351 1
55912 -43.0189 -17.1149 -18.9547 1
55913 -43.5469 -16.4886 -19.7281 1
55920 -43.2672 -17.7253 -19.6992 1
56933 -43.1752 -16.3900 -18.0629 1
146470 -42.8436 -18.1325 -18.8645 1
