# opus stage2 label
100
19983 -43.3808 -53.4757 -23.5133 1
21017 -43.9628 -53.0742 -19.6525 1
21032 -43.6219 -53.7239 -20.1287 1
21048 -44.1155 -53.1341 -21.0843 1
21064 -43.3685 -52.5712 -24.8299 1
21080 -37.8609 -51.1127 -27.2352 1
22110 -44.1672 -52.4286 -19.1454 1
22111 -44.8436 -52.1446 -19.3452 1
22128 -44.9625 -52.0732 -21.0068 1
22148 -44.0444 -52.6497 -23.2054 1
22168 -37.3791 -50.2820 -26.3312 1
22169 -38.9193 -50.2400 -27.1108 1
22170 -43.6341 -51.8806 -25.1758 1
22186 -37.2134 -50.7004 -26.6568 1
22187 -38.4160 -50.5712 -27.2071 1
22188 -40.2664 -51.4178 -27.0287 1
22190 -42.9786 -51.6157 -27.0812 1
23196 -45.0816 -51.1642 -18.7896 1
23197 -45.8690 -50.6327 -19.7738 1
23215 -45.3736 -51.3920 -20.3328 1
23232 -44.6507 -51.6493 -22.9773 1
23233 -45.2789 -51.2355 -21.9748 1
23244 -37.4387 -49.6119 -25.9067 1
23245 -38.6788 -49.8772 -26.3411 1
23246 -41.8433 -50.5728 -26.9585 1
23247 -44.1116 -51.3227 -25.0044 1
23248 -45.0348 -50.8876 -23.9058 1
23259 -40.7503 -51.1111 -26.9692 1
23260 -42.3490 -51.3458 -27.4164 1
23261 -43.3039 -51.2656 -26.8702 1
24308 -45.5441 -50.1338 -18.5564 1
24321 -45.7536 -50.7410 -21.1230 1
24322 -46.3558 -49.8379 -21.2100 1
24338 -45.6950 -50.4062 -22.5260 1
24339 -46.1836 -49.5724 -23.0899 1
24362 -40.9693 -50.0522 -26.7365 1
24363 -42.1358 -50.4497 -27.0785 1
24364 -44.9673 -50.3209 -25.0821 1
25423 -46.1425 -49.2196 -18.7115 1
25438 -47.4713 -47.9059 -21.7835 1
25457 -40.9443 -49.7713 -26.8383 1
25458 -42.4976 -50.1809 -27.0998 1
25459 -44.7764 -50.1036 -25.9689 1
25460 -45.6067 -49.5094 -24.8081 1
25461 -46.5805 -48.6499 -23.9163 1
25505 -40.3659 -50.4925 -28.4071 1
25506 -40.9791 -50.4056 -28.6858 1
26601 -47.3886 -47.7975 -23.1846 1
26602 -47.9909 -46.9250 -22.3963 1
26614 -38.9096 -49.4724 -26.3808 1
26615 -40.1702 -49.7042 -26.6150 1
26616 -41.4528 -49.8299 -26.9265 1
26617 -43.1023 -50.5546 -27.4449 1
26618 -45.0853 -49.5418 -26.2730 1
26619 -46.1164 -48.5722 -25.5319 1
26620 -47.0779 -47.6978 -24.6470 1
26621 -47.8152 -46.6228 -24.0005 1
26635 -38.2942 -49.3331 -26.0346 1
26636 -39.4304 -49.4769 -26.4126 1
26637 -40.5653 -49.7254 -26.7726 1
26638 -42.1863 -50.0239 -27.3069 1
26639 -43.9479 -50.1239 -27.7227 1
26640 -45.9911 -48.1934 -26.5932 1
26641 -46.7456 -47.4638 -25.8274 1
26642 -47.3570 -46.8502 -25.1947 1
26658 -38.7802 -49.3495 -26.2434 1
26659 -40.2438 -49.6822 -26.6926 1
26660 -41.9085 -50.0000 -27.7599 1
26661 -43.6257 -50.0190 -28.4007 1
26662 -44.7149 -49.0306 -28.1556 1
26663 -45.6631 -47.8936 -27.6797 1
26664 -46.5226 -47.1032 -26.9239 1
26671 -41.2610 -50.1376 -28.1036 1
26672 -42.9117 -50.4130 -29.6482 1
26674 -44.2819 -49.0769 -29.2528 1
27755 -48.1607 -45.3538 -24.1558 1
27765 -47.3194 -46.2659 -26.1428 1
28894 -48.3718 -43.8312 -22.8283 1
28906 -48.2719 -44.1086 -24.0443 1
29932 -48.2546 -42.7365 -23.5733 1
30995 -47.9843 -41.8183 -24.4445 1
136530 -43.4131 -50.0415 -29.1547 1
141031 -45.0886 -49.1449 -27.1301 1
141383 -43.6419 -50.8440 -26.8342 1
141416 -40.0085 -49.9290 -26.9021 1
146160 -45.4733 -50.0971 -23.9072 1
147478 -40.0709 -49.7776 -26.7894 1
149360 -40.4858 -50.5575 -26.8036 1
149633 -46.9810 -48.7936 -22.2230 1
149796 -44.0191 -50.4447 -27.0380 1
153280 -44.2124 -50.4887 -26.3087 1
153287 -43.5320 -50.6367 -27.2002 1
154134 -44.3436 -51.8078 -18.6003 1
154287 -44.2717 -50.0248 -27.0984 1
154544 -44.2289 -52.0204 -23.6976 1
155271 -48.2861 -45.8305 -22.9355 1
156313 -44.3894 -50.7678 -25.3725 1
158869 -39.0533 -49.9860 -26.7120 1
159364 -45.5400 -48.8062 -26.3472 1
159920 -48.3414 -44.8506 -23.2625 1
