# opus stage2 label
16
17943 -32.6552 -53.8597 -23.7636 1
18962 -32.4749 -53.4229 -23.4630 1
18971 -33.0675 -53.2061 -24.0094 1
19956 -32.3143 -53.0558 -23.2504 1
19966 -32.9519 -52.7826 -23.7106 1
19967 -33.4304 -52.4667 -24.4227 1
21031 -32.7312 -52.0474 -23.4396 1
21044 -33.3213 -51.7241 -23.7796 1
21045 -33.9614 -51.4758 -24.2857 1
21046 -34.6390 -51.2484 -24.9200 1
22145 -33.2332 -51.3499 -23.6654 1
22147 -34.5465 -50.4348 -24.4590 1
146967 -33.4348 -52.1118 -23.9950 1
148800 -33.8502 -51.0602 -24.0328 1
149689 -34.4212 -50.9417 -24.5444 1
155834 -32.7836 -52.3821 -23.5536 1
