# opus stage2 label
59
29770 -42.3139 -44.3045 -8.9032 1
29779 -42.0072 -45.3723 -9.2671 1
29780 -43.1687 -44.4367 -9.3618 1
30797 -43.5728 -43.3735 -9.1573 1
31860 -43.0713 -40.7722 -11.4481 1
31867 -38.7691 -39.5139 -13.0068 1
31868 -41.1438 -40.1097 -12.5615 1
31869 -42.4920 -40.5473 -11.9264 1
31870 -44.1639 -42.2200 -9.9353 1
31878 -36.3485 -39.2564 -14.3929 1
31879 -38.4205 -39.4231 -13.5133 1
31880 -40.4901 -39.8828 -12.8635 1
31890 -35.0141 -39.4759 -14.7937 1
31891 -35.8727 -39.1616 -14.7130 1
31892 -36.7963 -39.5198 -14.5098 1
31893 -37.8128 -39.1985 -14.2541 1
31905 -34.7987 -39.5724 -15.3236 1
31918 -34.4654 -39.4739 -15.6866 1
31919 -34.7886 -39.6504 -16.0659 1
33027 -43.9014 -41.5033 -9.2405 1
33033 -41.6273 -40.2694 -12.3169 1
33034 -43.2352 -40.7136 -10.9966 1
33049 -34.6998 -39.1355 -14.4360 1
33050 -35.9173 -39.1186 -14.3493 1
33063 -34.3364 -39.2113 -14.5953 1
33064 -34.7950 -39.2945 -14.5301 1
33065 -35.4301 -39.1343 -14.5200 1
33073 -34.2436 -39.4033 -15.1787 1
33074 -34.5089 -39.4185 -14.8218 1
34069 -43.8916 -40.4274 -9.1056 1
34076 -40.4883 -39.8022 -12.9362 1
34077 -42.1205 -40.3009 -12.1897 1
34078 -43.7366 -40.8162 -9.7625 1
34087 -40.2996 -39.8133 -12.9366 1
34094 -35.2185 -39.0780 -14.2485 1
35138 -43.4504 -39.0725 -7.4522 1
35144 -43.9125 -39.5442 -8.7330 1
35149 -40.6075 -39.7991 -12.9445 1
35150 -42.3606 -40.1792 -12.2580 1
35151 -43.5314 -39.9506 -10.6911 1
35152 -44.0234 -39.2499 -9.4918 1
36150 -43.6255 -38.2909 -7.7399 1
36171 -42.6131 -39.8992 -12.2572 1
36172 -43.7313 -39.5286 -10.9957 1
36173 -44.4810 -38.8379 -9.8999 1
37216 -42.2118 -36.7670 -6.7804 1
37217 -42.7514 -37.6647 -7.1341 1
37226 -43.0279 -36.4887 -7.7174 1
132585 -37.2046 -39.2583 -14.1891 1
137141 -43.5669 -41.4376 -10.7689 1
139279 -43.2386 -40.4471 -11.0179 1
149337 -44.0704 -41.6055 -9.7392 1
149859 -40.8870 -45.8671 -9.8110 1
151907 -34.1098 -39.2567 -14.8208 1
154654 -43.8305 -38.8190 -8.3128 1
156199 -38.6175 -39.5568 -13.6107 1
156877 -37.9915 -39.1168 -14.3693 1
159498 -35.1188 -39.1706 -14.3740 1
159758 -43.2780 -41.1803 -11.3130 1
