# opus stage2 label
73
20820 -30.3110 -42.1279 6.4372 1
20821 -31.1837 -41.6168 6.4781 1
21674 -31.0146 -41.6033 6.3798 1
21675 -31.9132 -41.0331 6.8731 1
22625 -31.8617 -40.9799 6.9096 1
23541 -31.8331 -40.5363 6.5114 1
23542 -32.0902 -40.0353 6.4071 1
23555 -32.0360 -40.1706 6.4163 1
24412 -32.1805 -38.6526 6.5693 1
24422 -32.2515 -38.9210 6.3590 1
24423 -32.2275 -39.6307 6.3240 1
24432 -32.3190 -39.5250 6.0176 1
25361 -31.6750 -37.3703 6.7490 1
25362 -31.8541 -37.7021 6.6888 1
25375 -32.0577 -37.8761 6.5819 1
25376 -32.1815 -38.4955 6.5266 1
25385 -32.1416 -38.1058 6.3594 1
25393 -32.2805 -38.3996 5.9090 1
25404 -32.4680 -38.5248 5.2874 1
25414 -32.8532 -38.7828 4.1945 1
25420 -32.8532 -39.4760 2.7630 1
26319 -31.2869 -36.4606 6.7665 1
26320 -31.4107 -36.9367 6.9542 1
26331 -31.0314 -35.7613 6.6229 1
26332 -31.2605 -36.4001 6.6826 1
26340 -31.8231 -37.2171 6.5565 1
26349 -32.0702 -37.3433 5.8278 1
26361 -32.3618 -37.4898 5.0050 1
26370 -32.3324 -36.5764 4.7722 1
26371 -32.8458 -37.5608 4.1337 1
26379 -33.1930 -37.5800 3.0231 1
26387 -33.4240 -37.6708 1.2476 1
27214 -30.8159 -34.9090 6.5413 1
27215 -30.9985 -35.7026 6.6482 1
27221 -30.8553 -35.1931 6.4207 1
27237 -31.8895 -35.5935 5.1554 1
27243 -32.6639 -35.8891 4.2999 1
27244 -33.3997 -36.5069 2.9703 1
27257 -33.6189 -36.6532 1.0691 1
28175 -30.5864 -34.1884 6.5916 1
28183 -30.5362 -34.2778 6.6651 1
28210 -31.2932 -34.5281 5.5087 1
28221 -31.9907 -34.7943 4.7072 1
28222 -32.9188 -35.2603 3.7136 1
28233 -33.5950 -35.7394 2.2118 1
28241 -33.9025 -35.2152 1.4038 1
29108 -30.5623 -33.8259 6.5372 1
29128 -30.5571 -33.7795 6.5295 1
29143 -30.8053 -33.5519 5.8812 1
29155 -32.3617 -34.2358 4.1667 1
29165 -32.9654 -33.9121 3.5973 1
29172 -33.7540 -34.1487 2.3424 1
29173 -34.5380 -34.8491 0.3417 1
29996 -32.9802 -33.2325 3.5102 1
30005 -33.9312 -33.4151 2.4841 1
30006 -34.3279 -33.8894 1.2097 1
125600 -30.8750 -35.0422 6.5231 1
126901 -31.3500 -35.2702 5.7749 1
128997 -33.4754 -34.7656 3.0988 1
129019 -32.1743 -38.5855 6.5542 1
130168 -31.8867 -37.1960 6.2799 1
132701 -33.0169 -38.4091 3.2227 1
135511 -33.8294 -36.0393 0.6982 1
135795 -30.5700 -33.1901 6.4480 1
136268 -31.5459 -37.0263 6.7213 1
136408 -32.2357 -39.8924 6.2040 1
137092 -34.9907 -33.5430 0.2293 1
137149 -31.3902 -36.4985 6.5373 1
138897 -32.2343 -39.2930 6.4035 1
140167 -30.4500 -33.4588 6.5769 1
140976 -31.0071 -35.7363 6.6650 1
143344 -31.3682 -41.3142 6.3014 1
144253 -32.9279 -36.8056 3.9066 1
