# opus stage2 label
77
29979 -40.3250 -32.3655 6.5601 1
29991 -41.3001 -32.3915 5.5727 1
30009 -44.0483 -31.7772 2.6574 1
30760 -40.0909 -31.8772 6.6104 1
30769 -41.0050 -31.8349 6.0137 1
30770 -42.1613 -31.6627 4.5245 1
30778 -42.9643 -31.3575 3.5540 1
30786 -43.9715 -31.1098 2.4809 1
30787 -44.7309 -31.3069 1.3035 1
31607 -39.6729 -32.0282 7.2954 1
31608 -40.0396 -31.7884 6.7302 1
31627 -39.9634 -31.6443 6.6253 1
31628 -40.5028 -31.4752 6.1454 1
31630 -43.3071 -33.1004 4.2405 1
31640 -40.9405 -31.0960 5.3505 1
31641 -41.9522 -30.9759 4.4076 1
31650 -42.9060 -30.7877 3.3778 1
31658 -43.8679 -30.5358 2.4972 1
31659 -44.5768 -30.7448 1.2567 1
32490 -39.7526 -31.9592 9.4114 1
32506 -39.5627 -32.0189 7.8996 1
32507 -39.7684 -32.0498 8.2451 1
32508 -40.7562 -32.7165 6.3077 1
32523 -39.9415 -31.8467 7.0006 1
32524 -41.2346 -31.8323 5.9105 1
32525 -41.3066 -32.4419 5.7166 1
32542 -40.4266 -31.4712 6.2375 1
32543 -42.6893 -32.5139 4.5064 1
32552 -40.7655 -31.0086 5.6049 1
32553 -41.2555 -30.5603 4.7919 1
32561 -42.3553 -30.2633 3.7156 1
32568 -43.3573 -29.9729 2.6606 1
32569 -44.2746 -30.1009 1.3630 1
33534 -39.9996 -32.1008 8.3823 1
33535 -40.2068 -32.2211 8.5179 1
33553 -40.0601 -32.0785 7.4438 1
33554 -40.1851 -32.2074 7.4309 1
33555 -40.3537 -32.3058 7.4809 1
33556 -40.4367 -32.3586 7.5544 1
33557 -40.6231 -32.5950 7.4843 1
33567 -40.2331 -31.9460 6.6530 1
33568 -40.5269 -31.6075 6.2305 1
33569 -40.4392 -31.9486 6.4733 1
33570 -40.4786 -32.2577 6.4603 1
33571 -40.7699 -32.0063 6.2087 1
33572 -42.1146 -30.8313 5.0065 1
33587 -40.5683 -31.3570 6.0392 1
33588 -40.8612 -30.6378 5.2727 1
33590 -42.3455 -31.7548 4.4160 1
33597 -40.8513 -30.6490 5.2484 1
33598 -42.3530 -29.5819 3.7590 1
33608 -42.6419 -29.8235 3.3917 1
33617 -44.0175 -29.7620 1.8315 1
34619 -40.9050 -30.7846 5.7270 1
34620 -40.9820 -30.8641 5.7973 1
34621 -41.6791 -30.3757 5.2175 1
34635 -40.9654 -30.3910 5.3513 1
34636 -41.4094 -29.9670 5.0663 1
34650 -41.3627 -29.9052 4.7864 1
34651 -41.7909 -29.5701 4.5021 1
34652 -42.3277 -29.3139 4.1392 1
34653 -42.9403 -29.0254 3.4264 1
34661 -43.9563 -29.6626 1.9118 1
122059 -42.8846 -29.1624 3.2489 1
125220 -39.8464 -32.0297 7.3721 1
129067 -43.0660 -31.8645 3.8773 1
131235 -40.2398 -32.1588 6.6933 1
131320 -40.0566 -32.0728 9.5572 1
131953 -40.6989 -31.5763 6.0877 1
133043 -40.3159 -32.0800 6.6248 1
133155 -39.6068 -32.0232 7.2083 1
134960 -41.3700 -31.4603 5.3251 1
136249 -41.6504 -30.0376 4.3543 1
139079 -41.3177 -30.0464 4.7396 1
139206 -40.5903 -31.5180 6.1311 1
139630 -43.2347 -29.0521 2.8911 1
145418 -41.6282 -31.9069 5.2778 1
