# opus stage2 label
97
30726 -30.7782 -31.0826 6.0322 1
30740 -30.8215 -31.2894 5.8376 1
30776 -32.7311 -31.6229 3.8688 1
31589 -30.8108 -30.4497 5.8696 1
31590 -30.8147 -30.1877 5.9948 1
31604 -30.9128 -29.8929 5.7432 1
31624 -31.1588 -30.1553 5.4389 1
31636 -31.6928 -30.4257 4.9991 1
31637 -32.2531 -30.6597 4.2350 1
32501 -31.0780 -28.7942 5.7995 1
32502 -30.9643 -29.1683 5.8625 1
32519 -30.9893 -29.1185 5.7735 1
32539 -31.1677 -29.3969 5.5437 1
32548 -31.5334 -29.6172 5.2180 1
32549 -31.9244 -29.8184 4.5345 1
33548 -31.3661 -28.1361 5.7078 1
33549 -31.3230 -28.3365 5.7049 1
33565 -31.2368 -28.4552 5.7378 1
33585 -31.6718 -28.2667 5.2577 1
33605 -32.3984 -28.5339 4.0736 1
34605 -31.7231 -27.5432 5.5235 1
34606 -31.6223 -27.7489 5.5458 1
34615 -31.7355 -27.4511 5.4704 1
34632 -31.6711 -27.4851 5.3472 1
34645 -31.8808 -27.5475 5.1099 1
34646 -32.1332 -27.6497 4.6154 1
34659 -32.8057 -27.7437 3.8869 1
35666 -31.9127 -27.2668 5.5821 1
35684 -32.0989 -26.8745 5.6006 1
35685 -31.9387 -27.0807 5.5428 1
35686 -32.2358 -26.6665 5.6859 1
35708 -32.0714 -26.9205 5.5871 1
35720 -32.0903 -27.0258 5.3529 1
35721 -32.2409 -27.0461 5.0720 1
35726 -32.3968 -27.0630 4.4210 1
35727 -32.8923 -27.2545 3.4583 1
35734 -33.4416 -27.7428 2.9928 1
35746 -34.4324 -27.6844 2.3542 1
36712 -31.6518 -26.0895 5.9295 1
36713 -31.8334 -25.8903 5.9783 1
36726 -31.5039 -26.0163 5.5273 1
36727 -31.5450 -25.8898 5.8111 1
36743 -31.4374 -26.1293 5.2943 1
36744 -31.4269 -25.8587 5.2858 1
36763 -31.5138 -26.2526 5.0283 1
36772 -31.7349 -26.2453 4.4832 1
36773 -32.5560 -26.5956 3.4901 1
36784 -33.3435 -26.3726 2.7678 1
36785 -34.1130 -26.1313 2.2090 1
36796 -34.7948 -27.1940 1.9663 1
37724 -31.7410 -26.0183 5.9074 1
37737 -31.5958 -25.8998 5.8013 1
37738 -32.6985 -25.8891 5.9156 1
37756 -31.4489 -25.8299 4.7939 1
37759 -31.9645 -25.7163 3.9986 1
37760 -32.4368 -25.1246 3.5509 1
37763 -33.2211 -25.1169 2.7125 1
37766 -34.7188 -25.5502 1.7664 1
38648 -33.1717 -25.2577 6.0400 1
38655 -32.6423 -25.7656 5.6480 1
38656 -33.9298 -25.0317 6.0178 1
38661 -31.6275 -25.7265 5.4266 1
38662 -32.5284 -25.2276 5.1875 1
38671 -31.7132 -25.5498 4.8909 1
38672 -32.3181 -24.9109 4.3515 1
38676 -31.9703 -25.3097 4.2937 1
38677 -32.6616 -24.7151 3.6197 1
38681 -32.9244 -24.7436 3.0840 1
38682 -33.9226 -24.7449 2.4406 1
38687 -35.7767 -25.2578 1.1791 1
39577 -33.7129 -25.0208 5.5143 1
39584 -33.1394 -24.7949 4.7158 1
39585 -34.6474 -24.9395 5.2792 1
39597 -32.9461 -24.5302 3.9781 1
39607 -33.2132 -24.5126 3.0123 1
39608 -34.2148 -24.3650 2.5530 1
39614 -35.3264 -24.5326 1.6573 1
126561 -31.5967 -28.0432 5.4823 1
129230 -32.7065 -25.6545 3.1118 1
129393 -30.8604 -29.5914 5.8775 1
130765 -31.5793 -27.8539 5.6084 1
133161 -33.4970 -27.1367 2.8718 1
133245 -30.9333 -30.7258 5.6539 1
134563 -35.9191 -26.9214 1.2735 1
134964 -31.3576 -30.9968 5.3068 1
135327 -31.8875 -31.2768 4.7755 1
137440 -31.5430 -27.9423 5.5367 1
138309 -31.2520 -28.6889 5.5741 1
138905 -32.2634 -29.3320 4.1209 1
139421 -31.9973 -28.1785 4.8668 1
141245 -36.5653 -26.7079 0.5718 1
141570 -34.1797 -24.7637 4.6077 1
143704 -31.8372 -28.9376 4.9127 1
144568 -31.4820 -28.9813 5.3533 1
144903 -33.1945 -25.3249 5.6934 1
145567 -32.2514 -24.9639 3.9580 1
146373 -31.4813 -25.8548 5.5702 1
