# opus stage2 label
97
24460 -33.2577 -38.1771 2.4951 1
24467 -33.3088 -38.4552 -1.3741 1
25405 -32.4991 -37.2725 4.8207 1
25406 -33.0564 -37.0189 4.0445 1
25415 -33.4343 -36.8225 2.8743 1
25421 -33.5450 -37.5436 1.6534 1
25422 -33.6922 -37.3929 -0.8656 1
25430 -33.8131 -36.9744 -2.4457 1
26341 -32.0011 -36.8871 5.8288 1
26350 -32.1694 -36.8575 5.2124 1
26362 -32.5836 -36.5115 4.4934 1
26363 -33.2416 -36.2882 3.6903 1
26372 -33.9128 -36.1126 2.5983 1
26380 -34.0000 -36.7025 1.1366 1
26381 -34.0608 -36.4756 -1.1734 1
27216 -31.1101 -35.7965 6.4754 1
27217 -31.2312 -35.3138 6.1583 1
27222 -31.6574 -35.6225 5.5145 1
27223 -31.8861 -36.1803 5.3464 1
27229 -32.0357 -35.3531 5.0475 1
27238 -32.9014 -35.7131 4.1654 1
27245 -33.9035 -35.2127 2.6857 1
27246 -34.5716 -34.7419 1.5269 1
28178 -30.8278 -34.4594 6.3283 1
28179 -31.0349 -34.1385 6.1509 1
28184 -31.4472 -35.0477 5.7098 1
28185 -31.5889 -34.0607 5.4745 1
28196 -32.1725 -34.4192 4.8201 1
28197 -32.4900 -35.0809 4.4655 1
28211 -32.7903 -34.1759 4.2514 1
28212 -33.2617 -33.8138 3.5654 1
28223 -33.8740 -34.3072 2.9056 1
29110 -30.7475 -33.6709 6.2305 1
29111 -30.9674 -33.2797 6.0670 1
29117 -31.2583 -33.3558 5.8228 1
29129 -32.0917 -33.4529 5.0067 1
29130 -32.5069 -33.6375 4.5484 1
29144 -32.9207 -33.2811 4.0779 1
29145 -33.3013 -32.9253 3.4476 1
29156 -33.8040 -33.3723 2.8934 1
29157 -34.4996 -33.0513 1.8847 1
29935 -30.7447 -32.7203 6.0846 1
29936 -30.9027 -32.4104 5.8269 1
29946 -31.2762 -32.1688 5.5707 1
29947 -31.5517 -31.8540 5.2653 1
29958 -32.0079 -32.1347 4.8732 1
29959 -32.3845 -31.6722 4.2619 1
29977 -32.9415 -32.2841 3.8359 1
29990 -33.7146 -32.3757 2.8597 1
29997 -34.3691 -32.0681 2.2199 1
30007 -35.0739 -32.1597 1.3795 1
30715 -30.8743 -31.6695 5.8895 1
30716 -31.0253 -31.3888 5.6537 1
30728 -31.3315 -31.1556 5.3676 1
30729 -31.7173 -31.0965 5.0187 1
30741 -32.0370 -31.1073 4.5982 1
30742 -32.3429 -30.5312 4.1900 1
30757 -32.8411 -31.1172 3.7438 1
30758 -33.2608 -31.6909 3.2519 1
30768 -33.7830 -31.3651 2.6391 1
30777 -34.5576 -31.2541 1.9916 1
31578 -31.1049 -30.5476 5.9451 1
31579 -31.2472 -30.2936 5.5401 1
31591 -31.5458 -30.1314 5.1927 1
31605 -31.9589 -29.9635 4.6715 1
31606 -32.2947 -29.2693 4.1157 1
31625 -32.7903 -29.9492 3.7396 1
31626 -33.1097 -29.4209 3.3187 1
31638 -33.6153 -29.4355 2.8765 1
31639 -34.2045 -29.3589 2.2420 1
31648 -34.6780 -30.2710 1.7472 1
32486 -31.6020 -28.3641 5.4608 1
32487 -31.8664 -27.6243 5.2986 1
32503 -31.5773 -29.0011 5.3042 1
32504 -31.8011 -29.1171 4.9289 1
32505 -32.2742 -27.2731 4.6424 1
32520 -32.1016 -28.5978 4.6008 1
121786 -31.1485 -29.4250 5.6439 1
125587 -31.0521 -34.9505 6.3334 1
126235 -33.2761 -38.3489 0.9701 1
126500 -32.5223 -32.7729 4.4768 1
128457 -32.2633 -35.9601 4.7793 1
128465 -33.3556 -30.5016 3.1782 1
128552 -31.6544 -32.8556 5.3835 1
132162 -34.7624 -34.0368 1.3990 1
133933 -33.1548 -37.4799 3.2809 1
134259 -34.3597 -33.9381 2.1905 1
136000 -31.7474 -34.8111 5.2776 1
136598 -33.9708 -30.3803 2.4664 1
138660 -33.3950 -35.5939 3.4509 1
139650 -31.2770 -34.4468 5.9518 1
139815 -31.9567 -28.0350 4.9931 1
142160 -33.2116 -34.8316 3.7153 1
143659 -33.2542 -32.3128 3.3185 1
143872 -33.4559 -37.8885 0.1348 1
145159 -31.8730 -34.2233 5.1562 1
145892 -31.1326 -34.7239 6.1737 1
