# opus stage2 label
98
18259 -38.9772 -45.1783 -1.4741 1
18260 -41.6500 -45.1098 -1.4609 1
19115 -36.3186 -44.1670 -0.6210 1
19117 -45.6431 -46.0447 0.6577 1
19118 -46.2562 -45.3610 1.5243 1
19125 -42.1607 -44.2754 -1.3020 1
19126 -44.3344 -45.3120 -1.6439 1
19127 -45.4516 -44.2885 -1.3033 1
19981 -47.4938 -43.2855 2.1008 1
19989 -35.7793 -43.5526 -1.8510 1
19990 -37.1147 -43.6336 -0.2232 1
19991 -37.7981 -42.8531 -0.0974 1
19992 -46.3748 -43.3005 -0.5538 1
20000 -39.1114 -43.4222 -0.8291 1
20001 -41.1141 -43.4716 -1.0923 1
20002 -43.3356 -43.6474 -0.9832 1
20003 -45.8470 -42.8904 -1.2956 1
20871 -46.7087 -40.7518 4.2500 1
20885 -47.2813 -42.3046 0.7275 1
20886 -47.6189 -42.1006 2.1626 1
20895 -36.3272 -43.1984 -1.7005 1
20896 -37.7468 -42.9084 -0.1594 1
20897 -38.3854 -42.2010 0.0670 1
20898 -46.9262 -42.0628 -0.9710 1
20903 -39.8971 -42.7904 -0.8150 1
20904 -40.1907 -42.0950 -0.6246 1
20905 -43.8714 -42.4315 -0.9290 1
21704 -44.8006 -39.3598 6.9302 1
21713 -44.6949 -39.2168 6.8525 1
21714 -45.8778 -39.7623 5.6463 1
21723 -46.5946 -40.4244 4.0040 1
21733 -37.1141 -42.6239 -0.9134 1
21734 -38.0975 -41.6598 0.0093 1
21735 -38.5265 -41.0015 0.2504 1
21736 -46.7096 -40.5762 0.8097 1
21744 -40.2553 -41.3381 -0.3742 1
21745 -41.9262 -41.8804 -0.7883 1
21746 -45.9548 -41.3240 -0.6983 1
21751 -43.7139 -41.5642 -0.9934 1
21752 -45.5016 -40.9585 -1.4420 1
22662 -45.6752 -39.5200 5.7389 1
22668 -45.4648 -39.1828 5.6846 1
22669 -46.2326 -39.4615 4.4407 1
22682 -38.4921 -41.0225 0.2505 1
22683 -38.8718 -40.4445 0.3194 1
22684 -46.4107 -39.5256 3.1784 1
22691 -39.9388 -40.4101 0.0977 1
22693 -45.3628 -40.5667 -1.0103 1
22694 -45.7531 -40.4507 0.4273 1
22699 -43.7522 -40.7518 -0.8950 1
23584 -45.7141 -38.6950 5.0581 1
23599 -46.2956 -39.5267 2.1872 1
23606 -38.1191 -39.8941 -2.0535 1
23607 -39.2335 -39.7999 0.0364 1
23608 -40.0013 -39.5578 0.1535 1
23609 -42.1848 -39.3899 -0.2929 1
23610 -45.8999 -39.8904 1.3553 1
23616 -43.5128 -39.9069 -0.4611 1
23617 -44.6183 -39.4702 0.1697 1
23618 -45.4008 -39.9725 0.5429 1
24463 -46.0267 -38.7742 2.1806 1
24469 -37.2328 -38.9884 -2.6776 1
24470 -38.7705 -38.6633 -1.4396 1
24471 -40.5142 -38.6231 0.0444 1
24472 -42.5778 -38.4937 0.0785 1
24477 -44.1345 -38.5564 0.2081 1
24478 -45.1673 -38.6388 0.6994 1
24479 -45.6443 -39.2019 1.0306 1
25423 -40.3087 -38.1200 -0.2138 1
25426 -45.7463 -38.2927 1.5725 1
25431 -39.0288 -37.5812 -1.7271 1
25433 -43.2207 -37.6579 0.2438 1
25434 -45.1737 -37.6600 0.8411 1
26390 -39.4861 -36.7814 -1.6900 1
26391 -41.4463 -36.4943 -0.8431 1
26401 -39.8321 -36.0940 -1.8214 1
124242 -41.9352 -40.1888 -0.4979 1
124389 -46.7290 -44.6438 2.0342 1
125589 -46.5731 -40.2332 3.1038 1
125814 -47.1927 -41.2056 0.8553 1
130170 -38.1181 -41.8523 0.0142 1
131415 -41.6809 -42.7360 -0.8604 1
131550 -46.8521 -41.4403 -0.9797 1
134150 -45.6208 -36.6758 1.9362 1
137235 -46.8362 -43.7447 1.1618 1
137911 -40.2756 -45.3839 -1.6499 1
137955 -46.9739 -41.3851 2.6482 1
138377 -37.6694 -38.1032 -2.6521 1
138998 -43.5096 -39.2172 -0.1736 1
139576 -38.7246 -41.5672 0.1586 1
141473 -46.3041 -41.8853 -1.4187 1
141573 -39.7261 -44.5225 -1.3307 1
141636 -42.8009 -36.8166 -0.0035 1
142905 -45.9978 -44.6138 -0.2510 1
142990 -46.2369 -39.7807 4.7283 1
143328 -40.6631 -44.0919 -1.3359 1
144187 -38.5805 -42.6825 -0.2836 1
145262 -45.4142 -45.3108 -1.2234 1
