# opus stage2 label
16
41311 -35.8302 -20.0521 -4.8258 1
42248 -35.8508 -18.7770 -4.4622 1
43327 -34.4114 -17.6472 -4.9162 1
43338 -35.9232 -17.7328 -4.2141 1
44314 -34.3172 -16.5987 -4.7335 1
44315 -35.7827 -16.7964 -4.0749 1
45288 -35.0801 -14.9750 -3.5496 1
45289 -35.4566 -15.8677 -3.8418 1
45298 -32.5092 -15.9196 -5.7012 1
45299 -34.1780 -15.5804 -4.3675 1
46250 -34.6666 -14.2257 -3.2654 1
46258 -33.9470 -14.0125 -3.9316 1
46259 -34.0451 -14.6671 -4.1503 1
46273 -32.9436 -14.5539 -4.5387 1
47313 -31.7467 -14.4170 -5.5454 1
48250 -31.2020 -14.0279 -5.5974 1
