# opus stage2 label
221
36188 -38.8294 -38.8868 -13.2355 1
36189 -41.3158 -39.6257 -13.1399 1
36190 -43.1453 -39.5628 -12.3378 1
36191 -44.4029 -38.8116 -10.9244 1
36208 -34.4971 -38.3314 -14.9275 1
36209 -35.1780 -38.6832 -14.7358 1
36210 -36.2253 -39.2772 -14.8411 1
36211 -37.3106 -39.2405 -14.4688 1
37253 -39.1656 -38.8103 -13.5657 1
37254 -41.7449 -39.2643 -13.2516 1
37255 -43.4588 -39.0888 -12.4295 1
37256 -44.2822 -38.3077 -11.4229 1
37275 -35.1635 -38.4899 -15.2692 1
37276 -36.2173 -39.2278 -15.4573 1
37277 -37.5207 -39.2523 -15.1468 1
37278 -39.4788 -38.7987 -14.0423 1
37279 -42.0823 -39.1003 -13.7916 1
37298 -35.1424 -38.1962 -15.8545 1
37299 -36.7042 -39.3329 -15.9659 1
37300 -37.8078 -39.2315 -15.8085 1
37301 -38.7728 -39.0641 -16.1899 1
37302 -40.3725 -39.0007 -15.9170 1
37319 -35.8922 -38.6351 -16.1526 1
37320 -36.5824 -38.7621 -16.5132 1
37321 -37.4423 -39.1247 -16.6427 1
37322 -38.7858 -38.9550 -17.0493 1
37323 -39.9485 -38.7620 -16.9593 1
37336 -36.8038 -38.6192 -17.0503 1
37337 -37.7795 -38.9524 -17.2130 1
37338 -38.6741 -38.8706 -17.7704 1
37339 -39.8203 -38.7576 -17.9724 1
38379 -33.8961 -36.2263 -14.9964 1
38380 -33.9564 -35.9069 -14.9182 1
38381 -34.0160 -35.7783 -15.1098 1
38382 -34.4495 -37.3275 -15.5764 1
38383 -44.3875 -37.9567 -12.6195 1
38405 -35.1414 -37.3233 -16.3058 1
38422 -35.6555 -38.0443 -16.6828 1
38423 -35.9654 -37.9293 -17.1193 1
38440 -36.5724 -37.9968 -17.5390 1
38441 -37.2515 -38.0681 -17.9793 1
38455 -37.6551 -37.5980 -18.5688 1
38456 -38.7464 -38.3118 -18.5604 1
38457 -39.4067 -38.1951 -18.9817 1
38458 -42.0794 -38.2911 -18.0528 1
38459 -43.3048 -37.9096 -17.9387 1
38470 -40.4284 -38.3136 -19.2901 1
38471 -41.6314 -38.2752 -19.4948 1
38472 -43.0289 -37.9420 -19.0245 1
38484 -42.0631 -37.9336 -20.1890 1
39505 -34.2705 -34.5750 -14.6120 1
39508 -34.5871 -34.7340 -15.2102 1
39509 -34.7660 -34.9166 -15.6424 1
39523 -34.5805 -36.2728 -15.8549 1
39524 -35.0057 -35.7552 -16.1355 1
39525 -35.3566 -35.1915 -16.5059 1
39543 -35.3983 -36.7386 -16.6964 1
39544 -35.8142 -36.4238 -17.2701 1
39545 -36.1898 -35.5483 -17.7009 1
39557 -36.3819 -36.8887 -17.8307 1
39558 -36.6699 -36.5058 -18.3200 1
39559 -37.0770 -36.0167 -18.9528 1
39571 -38.0763 -37.1751 -19.2572 1
39572 -38.7389 -37.0322 -20.1221 1
39574 -45.1198 -36.9026 -18.0956 1
39587 -40.0698 -37.5477 -20.2786 1
39588 -40.8416 -37.6900 -20.4989 1
39589 -43.6533 -37.6826 -19.3911 1
39590 -44.5647 -37.0966 -19.6206 1
39602 -39.9318 -37.0995 -21.0352 1
39603 -40.9609 -37.4499 -21.2184 1
39604 -42.5269 -37.6889 -21.0075 1
39605 -43.5517 -37.2787 -21.2953 1
39617 -41.1845 -37.0151 -21.9230 1
39618 -42.2503 -37.1958 -21.9410 1
39619 -42.7683 -36.8871 -22.4426 1
40603 -34.5539 -33.9029 -14.4119 1
40604 -34.6003 -33.8492 -14.3752 1
40605 -34.9827 -33.3427 -14.5033 1
40606 -35.0440 -33.8368 -15.0297 1
40622 -35.1237 -34.3420 -15.7376 1
40623 -35.7187 -33.5024 -15.8383 1
40624 -36.2395 -33.3039 -16.3127 1
40639 -35.9098 -34.5921 -16.8049 1
40640 -36.5740 -33.8100 -17.1079 1
40641 -37.0995 -33.6644 -17.9150 1
40654 -36.6777 -35.0573 -18.2593 1
40655 -37.2168 -34.7915 -18.6527 1
40670 -37.7702 -35.4287 -19.4632 1
40671 -38.6478 -35.1804 -20.0970 1
40686 -39.2728 -35.4185 -20.6893 1
40687 -39.3968 -34.3731 -20.8011 1
40702 -40.0261 -35.9707 -21.4375 1
40703 -40.5084 -35.4999 -22.1207 1
40704 -44.8589 -36.7144 -20.3450 1
40705 -45.6141 -36.2355 -20.2528 1
40715 -41.5096 -36.6251 -22.6316 1
40716 -44.4407 -36.7405 -21.6778 1
40728 -41.9671 -36.3681 -23.2102 1
40729 -43.1888 -36.4030 -23.3318 1
40730 -43.8915 -36.0470 -24.0790 1
40743 -42.8184 -35.4524 -24.2852 1
41694 -35.3155 -31.8961 -13.9241 1
41711 -35.0679 -32.3585 -13.8389 1
41712 -34.9291 -32.7846 -13.9677 1
41713 -35.2760 -32.8468 -14.6270 1
41714 -35.7032 -32.0190 -14.4970 1
41731 -35.0791 -32.6292 -14.3282 1
41732 -35.4351 -33.0900 -15.0739 1
41753 -37.2498 -32.4495 -16.8251 1
41765 -37.6307 -32.3792 -17.6548 1
41766 -38.1927 -32.3373 -18.1618 1
41776 -37.6874 -33.6274 -18.4586 1
41777 -38.3881 -33.5178 -19.0921 1
41778 -38.9909 -32.6795 -19.0945 1
41780 -46.6697 -34.6122 -16.8243 1
41793 -38.9465 -33.9304 -19.9541 1
41794 -39.5029 -32.6060 -19.6821 1
41795 -46.5606 -35.6835 -17.3753 1
41796 -46.7259 -35.0851 -17.9699 1
41807 -39.9134 -33.3208 -20.7148 1
41808 -40.3876 -33.7732 -21.6816 1
41820 -41.0837 -34.9384 -22.7027 1
41821 -41.3618 -33.9612 -23.2290 1
41822 -45.8273 -35.8566 -21.0359 1
41831 -41.8340 -35.4110 -23.7725 1
41832 -42.0117 -34.3159 -24.1941 1
41846 -42.7436 -34.5789 -24.8034 1
41847 -44.2057 -35.6373 -24.7201 1
41857 -43.5141 -34.8988 -25.1822 1
41858 -44.4097 -35.2539 -25.3476 1
42807 -35.3922 -31.0754 -13.5582 1
42808 -35.5356 -31.3368 -14.0242 1
42809 -35.8922 -30.7222 -13.9891 1
42830 -35.2091 -31.9230 -13.7863 1
42831 -35.3040 -31.5457 -13.6511 1
42832 -35.3706 -32.2855 -14.2254 1
42852 -35.4197 -31.8605 -14.1538 1
42872 -35.5457 -32.4141 -14.6952 1
42873 -37.3285 -31.3798 -16.0510 1
42874 -37.7249 -31.3100 -16.8078 1
42888 -35.6854 -32.4941 -15.0510 1
42889 -38.1610 -31.2513 -17.4648 1
42890 -38.6438 -31.1928 -17.9931 1
42903 -38.7442 -32.1395 -18.4860 1
42904 -39.2248 -31.3581 -18.6437 1
42906 -46.6197 -33.4985 -17.1043 1
42918 -39.9300 -31.0452 -19.1397 1
42919 -40.4282 -30.9775 -19.7657 1
42920 -46.7351 -34.0132 -18.3667 1
42932 -40.0514 -32.0287 -19.9435 1
42933 -40.4382 -32.2666 -20.6052 1
42935 -46.8735 -33.5392 -19.9051 1
42948 -40.9157 -32.4890 -21.4461 1
42949 -41.4239 -32.8119 -22.4663 1
42950 -46.4184 -34.9519 -21.1350 1
42951 -46.7474 -34.1867 -21.2941 1
42975 -42.2430 -33.4536 -24.5717 1
42976 -42.3840 -32.5877 -25.0615 1
42987 -42.8038 -33.9136 -25.2118 1
42988 -43.4646 -34.1059 -25.6792 1
43901 -35.4758 -30.8152 -13.6500 1
43919 -35.5520 -31.2354 -14.0006 1
43943 -35.6677 -31.2097 -14.2836 1
43944 -35.7794 -30.5592 -14.0707 1
43962 -35.7533 -31.1144 -14.6022 1
43964 -37.6394 -30.3237 -16.1590 1
43976 -35.9525 -31.0134 -14.9182 1
43978 -38.1802 -30.2638 -16.7192 1
43979 -38.5689 -30.1632 -17.4265 1
43993 -39.0946 -30.1848 -17.9206 1
43994 -39.6984 -30.0821 -18.4477 1
44007 -40.3701 -29.8064 -19.0336 1
44008 -40.7430 -30.0984 -19.8034 1
44009 -46.6025 -32.4483 -17.4964 1
44010 -46.6646 -31.6987 -17.9537 1
44022 -46.7863 -32.9706 -18.6793 1
44023 -46.8798 -32.1731 -18.9638 1
44032 -41.4117 -31.2096 -21.2593 1
44034 -47.1050 -33.1206 -20.1188 1
44959 -35.8514 -30.6511 -14.3294 1
44976 -36.0753 -30.4794 -14.5544 1
45007 -39.4034 -29.1744 -17.8888 1
45008 -40.0320 -28.9884 -18.3099 1
45011 -46.3258 -30.4380 -16.4210 1
45025 -46.3998 -31.1434 -16.9330 1
45038 -46.8869 -31.3049 -18.4903 1
45039 -46.8772 -30.6786 -17.9093 1
45051 -47.1941 -32.5667 -19.8172 1
45052 -47.0926 -31.3670 -18.8547 1
45083 -42.3918 -30.8785 -25.0183 1
46129 -47.3794 -33.2199 -20.7580 1
132292 -34.2138 -35.8756 -15.3900 1
133935 -47.4010 -32.9288 -20.3503 1
134283 -38.8964 -29.3618 -17.5081 1
134370 -34.4479 -34.2363 -14.5127 1
134604 -34.0691 -35.3883 -14.7686 1
134647 -34.7711 -33.2902 -14.3006 1
137250 -46.6347 -30.8841 -17.6359 1
137950 -40.8845 -31.0919 -20.4734 1
139460 -35.4116 -31.2115 -13.7645 1
140204 -41.0399 -38.9126 -14.8066 1
140262 -33.9091 -36.6284 -15.1945 1
141557 -40.7996 -33.5626 -22.4348 1
141976 -33.8795 -36.6114 -15.1989 1
142436 -39.8898 -34.5598 -21.4294 1
143139 -34.9489 -32.6782 -14.1977 1
144419 -40.8090 -38.4750 -18.0847 1
145762 -37.2980 -39.2499 -14.0416 1
145921 -46.7429 -31.3643 -18.2250 1
148316 -39.6705 -38.7886 -14.6368 1
148568 -35.6666 -30.7515 -13.8974 1
148667 -43.6518 -38.6173 -12.6267 1
148971 -44.3616 -37.4404 -17.9699 1
149276 -39.2759 -36.5518 -20.5272 1
149821 -35.7266 -31.7134 -14.8572 1
153275 -34.0992 -36.6543 -15.3217 1
154462 -35.6490 -31.8111 -14.4919 1
154531 -35.4592 -32.3349 -14.4723 1
155444 -34.3442 -37.7778 -15.2635 1
156485 -35.7585 -31.6857 -14.1892 1
