# opus stage2 label
96
37706 -42.0135 -27.1020 -27.3309 1
37719 -41.7790 -27.7839 -28.1772 1
37749 -39.6906 -28.2998 -31.6415 1
37760 -37.0148 -28.0296 -33.2923 1
37761 -37.7740 -28.6252 -32.7819 1
37762 -38.6864 -28.4946 -32.1875 1
38773 -42.6038 -26.3359 -26.2199 1
38791 -42.2256 -26.8034 -27.1318 1
38792 -42.6792 -26.5072 -26.5697 1
38813 -41.4399 -26.7486 -29.9707 1
38831 -35.0220 -27.2820 -30.6553 1
38832 -36.2780 -27.0236 -31.3507 1
38833 -37.6149 -27.0444 -31.7268 1
38834 -38.9911 -27.8476 -31.8376 1
38838 -34.4372 -27.8904 -31.4622 1
38839 -35.8397 -27.6715 -32.2646 1
38840 -36.8729 -27.5091 -32.6950 1
39874 -41.4549 -26.0119 -29.5564 1
39885 -34.7930 -26.2303 -29.2205 1
39886 -35.8432 -26.0998 -29.8233 1
39887 -37.2198 -25.9557 -30.8106 1
39888 -38.8856 -25.4281 -31.5460 1
39889 -40.6515 -26.5921 -30.7031 1
39890 -41.0260 -26.0463 -30.3169 1
39897 -34.2789 -26.8124 -29.8963 1
39898 -35.4763 -26.6225 -30.1410 1
39899 -36.7720 -26.4585 -30.9737 1
39900 -38.2082 -26.4351 -31.5325 1
39901 -39.2618 -26.3912 -31.5272 1
39902 -39.9764 -26.3424 -31.1690 1
41052 -42.5075 -25.8894 -25.9228 1
41061 -42.3300 -25.7962 -26.8728 1
41068 -42.0247 -25.4761 -28.1311 1
41085 -35.5128 -25.6558 -29.5132 1
41086 -37.1354 -24.8730 -30.7545 1
41087 -41.5794 -25.2366 -29.3719 1
41101 -35.1045 -25.9336 -29.2039 1
41102 -36.2901 -25.7558 -30.0108 1
41103 -38.0013 -25.0368 -31.3375 1
41104 -39.7615 -25.1448 -31.2935 1
41105 -40.4277 -25.7178 -30.8739 1
41106 -41.1031 -25.1469 -30.4423 1
42224 -42.7907 -25.5896 -25.5521 1
42239 -42.7299 -25.4349 -26.0327 1
42248 -42.6536 -25.2128 -26.8430 1
42278 -36.0419 -24.8910 -30.1224 1
42279 -37.5745 -24.7961 -30.1658 1
42280 -39.2456 -24.5397 -30.0442 1
42281 -41.7178 -24.7427 -28.8265 1
42289 -38.5050 -25.0708 -30.7173 1
42290 -39.7717 -25.1408 -30.6777 1
42291 -40.3955 -25.0297 -30.6803 1
42292 -41.1088 -24.4931 -30.1776 1
43428 -42.6169 -24.8529 -26.6926 1
43438 -42.2554 -23.9052 -27.9058 1
43447 -38.0402 -24.1417 -29.5182 1
43448 -39.5851 -23.6636 -29.5315 1
43449 -40.8004 -23.5018 -29.3870 1
43450 -41.9608 -24.3068 -28.3169 1
43460 -40.4292 -24.8598 -30.1625 1
43461 -40.8780 -24.3006 -29.9077 1
43462 -41.3974 -23.9713 -29.4031 1
44527 -42.2829 -23.5903 -27.5327 1
44540 -41.8195 -23.0986 -28.1368 1
44556 -36.8683 -24.1937 -29.3226 1
44557 -38.4584 -23.4769 -29.0294 1
44558 -39.8467 -23.0439 -29.1558 1
44559 -40.8166 -22.9226 -28.7127 1
45664 -41.9557 -22.8251 -27.6930 1
45679 -35.7620 -24.5036 -29.7480 1
45680 -37.2772 -23.2712 -28.9494 1
45681 -38.6883 -22.7301 -28.8207 1
45682 -40.0909 -22.5260 -28.8398 1
45683 -41.0230 -22.5331 -28.2142 1
46774 -36.2049 -24.1388 -29.6733 1
46775 -36.0374 -24.4803 -29.9170 1
46776 -37.9201 -22.1891 -28.3475 1
130638 -42.3672 -26.7764 -27.8505 1
130796 -41.8769 -26.0609 -28.4830 1
131898 -42.2282 -26.1286 -27.3093 1
132040 -42.3398 -24.9965 -27.7754 1
134516 -41.8063 -26.7731 -28.9150 1
135128 -38.7197 -27.2142 -31.6689 1
135332 -42.4221 -24.5364 -27.4716 1
135409 -35.4436 -28.1849 -32.8231 1
136338 -39.8676 -27.2983 -31.2646 1
140570 -42.3728 -24.2892 -27.1966 1
141849 -41.5285 -23.6284 -28.6351 1
142479 -37.1938 -23.7059 -29.1782 1
143399 -39.7149 -25.7988 -31.4207 1
145944 -36.9988 -23.5888 -29.1813 1
146641 -42.5728 -26.6105 -26.9545 1
147584 -40.3842 -24.1784 -29.7887 1
148725 -39.1056 -25.2896 -31.2397 1
150145 -37.9629 -27.8257 -32.4220 1
150912 -36.3535 -27.9520 -33.1311 1
