# opus stage2 label
62
17235 -46.9211 -57.4117 -11.4660 1
17245 -48.0687 -58.6107 -12.8777 1
18309 -48.5392 -57.4800 -11.9853 1
18310 -48.4847 -55.7439 -11.7606 1
19388 -41.4491 -53.9942 -8.4226 1
19389 -42.6315 -54.3686 -8.7855 1
19391 -44.2176 -53.9146 -9.4963 1
19392 -45.1750 -53.6531 -9.8647 1
19404 -46.0820 -54.5146 -10.7768 1
19405 -47.2819 -54.4887 -11.0232 1
19406 -48.8549 -54.4916 -11.5415 1
19407 -50.5851 -54.4810 -10.7332 1
19423 -49.6207 -55.6019 -11.4927 1
20513 -41.5673 -53.2281 -8.0108 1
20514 -42.2161 -52.8692 -8.2754 1
20528 -42.1341 -53.7244 -8.5259 1
20529 -42.8110 -53.4512 -8.6797 1
20530 -43.6384 -53.2235 -8.8747 1
20531 -44.4984 -52.8758 -9.2616 1
20532 -45.4768 -52.5757 -9.7477 1
20548 -49.0564 -53.4254 -10.9743 1
20549 -51.0223 -53.1501 -11.0535 1
20550 -51.5919 -53.2423 -9.9854 1
20551 -51.8693 -52.1319 -10.3602 1
20564 -50.1756 -54.4105 -11.3852 1
21653 -42.5143 -51.8341 -8.5680 1
21654 -43.8943 -51.1267 -8.8839 1
21669 -42.9588 -52.4959 -8.7676 1
21670 -43.7479 -52.1642 -9.0083 1
21675 -49.7869 -51.5087 -10.5490 1
21676 -52.1393 -51.4448 -10.5494 1
21677 -52.3598 -52.0019 -9.6465 1
21690 -49.5517 -52.4384 -10.9772 1
21691 -51.2085 -52.3421 -11.1607 1
22781 -44.9094 -50.8476 -9.1499 1
22784 -49.0398 -49.8777 -9.2487 1
22785 -50.5221 -50.2223 -9.9622 1
22786 -51.9808 -51.0473 -10.5224 1
22787 -53.2105 -50.8606 -9.1199 1
22801 -48.5262 -50.6758 -9.6452 1
22802 -51.2241 -51.5082 -10.5398 1
22803 -52.6147 -51.1480 -9.8702 1
22814 -51.7300 -51.7128 -10.8981 1
23866 -50.2425 -49.3975 -8.2146 1
23867 -51.9415 -49.6176 -8.5584 1
23868 -53.6600 -50.1589 -8.6349 1
23891 -49.6270 -49.5580 -8.9618 1
23892 -51.3780 -49.8077 -9.5615 1
23893 -53.5816 -50.4055 -8.8040 1
23910 -53.0606 -50.5219 -9.4766 1
24939 -52.9039 -48.7734 -7.0350 1
24963 -50.7377 -48.9825 -7.5585 1
24964 -52.4757 -49.1844 -7.7599 1
24965 -54.3117 -49.6821 -7.7962 1
144676 -44.2947 -50.2809 -8.8058 1
145026 -49.7245 -50.7260 -9.9344 1
145323 -50.6709 -53.2468 -11.2456 1
148276 -42.2550 -51.1105 -8.3799 1
154199 -41.9946 -54.4095 -8.7599 1
157712 -51.2005 -52.1852 -11.0370 1
159826 -50.4025 -53.6440 -11.2668 1
160433 -52.5423 -50.7233 -10.0654 1
