# opus stage2 label
97
8961 -42.6531 -68.2456 -7.3751 1
8962 -43.7386 -67.4451 -7.6456 1
8975 -42.0309 -68.3879 -8.3624 1
8976 -43.0261 -68.1411 -8.4387 1
8989 -41.2714 -68.4405 -9.9735 1
9009 -41.3965 -68.3528 -11.0104 1
9778 -40.9048 -67.1722 -7.4690 1
9779 -41.9213 -66.9003 -7.2452 1
9780 -43.4472 -67.3785 -6.3744 1
9781 -43.9947 -66.8967 -5.9608 1
9792 -40.8737 -67.3011 -7.8543 1
9793 -41.9794 -68.2256 -7.7586 1
9794 -42.8682 -68.0483 -7.0612 1
9795 -43.3351 -67.7040 -6.6248 1
9796 -44.9532 -66.3796 -8.0146 1
9812 -41.5234 -68.2648 -8.7117 1
9827 -40.0160 -66.9810 -10.4503 1
9828 -40.5631 -68.3920 -11.0734 1
9846 -40.6836 -68.1351 -12.2238 1
9865 -39.5882 -67.0474 -12.8519 1
10615 -39.8557 -65.1923 -6.0827 1
10616 -41.0071 -65.3334 -5.9749 1
10617 -41.9189 -64.9222 -5.6196 1
10618 -43.3551 -65.0471 -5.6021 1
10619 -44.9639 -65.3130 -5.1415 1
10630 -38.6369 -65.9429 -7.1074 1
10631 -39.3795 -65.8244 -6.7258 1
10632 -40.6401 -66.1725 -6.8002 1
10633 -44.1320 -66.5265 -5.6580 1
10634 -44.8756 -66.0155 -5.3676 1
10635 -45.8318 -65.1477 -6.0676 1
10650 -39.7447 -66.5452 -7.2961 1
10665 -38.5859 -65.6318 -8.4276 1
10666 -39.3702 -66.2274 -9.6986 1
10674 -38.1969 -65.4039 -10.9339 1
10675 -38.9074 -66.6724 -11.2274 1
10686 -38.3510 -65.9762 -12.8541 1
10687 -39.0092 -66.3968 -12.3671 1
10705 -38.5990 -66.0567 -14.0513 1
10723 -40.2789 -66.3320 -15.0385 1
11504 -43.9669 -64.1791 -4.7993 1
11505 -45.4791 -64.1554 -4.6806 1
11506 -46.1096 -64.1061 -4.9202 1
11515 -45.5846 -65.0611 -5.0463 1
11516 -46.4206 -64.1624 -5.9775 1
11545 -37.0220 -64.1838 -11.1970 1
11546 -37.6057 -64.7044 -10.7654 1
11557 -36.7364 -64.6895 -12.3431 1
11558 -37.5940 -65.3338 -11.9389 1
11572 -37.0106 -65.2556 -13.2346 1
11589 -36.5564 -64.0784 -14.4658 1
11590 -37.1756 -64.4165 -14.2604 1
11591 -38.0535 -65.2435 -14.2813 1
11592 -39.4937 -65.4922 -15.5915 1
11607 -37.3746 -64.3960 -15.8270 1
11608 -38.4948 -65.2249 -16.3106 1
11627 -38.4938 -65.0300 -17.9253 1
11629 -41.0565 -65.2957 -19.2376 1
12362 -43.6239 -62.1386 -4.0564 1
12363 -45.0459 -62.2202 -3.9196 1
12364 -45.7846 -62.0683 -4.3178 1
12379 -44.4771 -63.0838 -4.2607 1
12380 -45.5843 -63.0924 -4.5475 1
12381 -46.4791 -63.2304 -5.0911 1
12427 -35.5758 -63.3988 -11.4384 1
12428 -36.2628 -63.8935 -11.7702 1
12439 -35.5720 -63.8065 -12.9187 1
12440 -36.3290 -64.1642 -12.8466 1
12455 -35.5120 -63.9612 -13.7981 1
12456 -36.0429 -64.2722 -13.5279 1
12472 -35.2964 -63.8068 -15.9874 1
12473 -36.1317 -63.9143 -15.4521 1
12474 -37.4352 -64.5033 -17.6115 1
12494 -35.7421 -63.9107 -17.9882 1
12495 -36.4677 -63.8963 -17.3781 1
12518 -37.3782 -63.1511 -18.9155 1
13214 -44.2180 -61.3501 -3.5482 1
13215 -45.1151 -61.4421 -3.3881 1
13216 -45.9564 -61.1852 -4.1527 1
13228 -46.8055 -61.9538 -5.3451 1
13296 -35.1977 -63.2948 -12.1677 1
13327 -34.5822 -63.5572 -14.9245 1
14154 -44.6599 -60.5757 -3.1990 1
135967 -45.3985 -60.1042 -3.3455 1
136334 -46.7226 -63.4556 -5.8268 1
141125 -39.6821 -66.5024 -7.8804 1
141768 -38.4129 -65.9124 -11.8667 1
142496 -39.8569 -66.5010 -18.0419 1
143959 -35.7362 -63.8103 -12.2482 1
144716 -40.8224 -68.1511 -9.9234 1
145021 -38.6304 -65.6366 -10.1032 1
146624 -42.3337 -65.9064 -6.3053 1
150035 -40.8141 -68.3679 -12.2437 1
153028 -40.8283 -68.4816 -11.3066 1
154696 -41.1092 -65.8106 -18.3884 1
155597 -45.4478 -60.6378 -3.3220 1
157767 -44.2308 -67.0853 -6.7594 1
