# opus stage2 label
101
29913 -41.9798 -42.0011 -13.6199 1
29914 -42.9505 -42.2849 -13.8469 1
29915 -44.1437 -42.3565 -14.2216 1
29923 -41.4867 -42.1666 -15.1135 1
29924 -42.4912 -42.6122 -14.9879 1
29925 -43.9704 -42.3883 -16.1468 1
29926 -45.3308 -42.6506 -15.9546 1
30751 -40.7392 -40.6461 -9.1235 1
30752 -41.4361 -40.8656 -9.0573 1
30753 -42.0662 -40.8807 -9.1991 1
30775 -41.1057 -40.8032 -9.8360 1
30776 -41.7314 -40.8860 -9.7269 1
30777 -42.2794 -40.7116 -10.1239 1
30778 -43.9001 -40.9101 -10.8239 1
30798 -41.7646 -40.6207 -10.7689 1
30799 -43.5477 -40.7197 -11.5979 1
30800 -44.6021 -40.9424 -11.9867 1
30816 -42.2441 -40.7464 -11.8466 1
30817 -43.0938 -41.0369 -12.1272 1
30818 -44.0852 -41.2401 -12.4750 1
30827 -41.2256 -41.5068 -13.4708 1
30828 -42.5380 -41.4033 -12.7031 1
30829 -43.5607 -41.5619 -13.0473 1
30830 -44.6866 -41.9027 -13.5236 1
31675 -41.2854 -40.6854 -7.8437 1
31676 -42.0177 -40.7395 -7.9974 1
31677 -42.9295 -40.5503 -8.2723 1
31695 -41.0238 -40.7815 -8.3847 1
31696 -41.7521 -40.8554 -8.4124 1
31697 -42.6524 -40.7458 -8.8213 1
31698 -43.7521 -40.3389 -9.3135 1
31723 -42.9160 -40.4843 -9.9330 1
32664 -40.9400 -40.2439 -7.2347 1
32679 -40.8426 -40.4038 -7.4472 1
32680 -41.4494 -40.4779 -7.6009 1
32681 -42.3987 -40.2234 -7.7272 1
32682 -43.1563 -40.3163 -8.0505 1
32683 -44.1922 -40.1429 -8.4444 1
32684 -45.1135 -40.1787 -8.9132 1
32686 -47.3741 -40.8830 -9.9636 1
32700 -43.9600 -40.3139 -8.6416 1
33719 -40.9837 -40.0026 -7.1210 1
33720 -41.5375 -40.0262 -7.3065 1
33733 -41.6118 -40.2375 -7.4574 1
33734 -42.2727 -40.0389 -7.6034 1
33735 -43.3392 -40.1012 -8.0345 1
33736 -44.4900 -40.0765 -8.5390 1
33737 -45.3095 -40.1359 -8.9073 1
33738 -46.4824 -40.4245 -9.5997 1
33739 -46.9444 -40.6596 -9.7623 1
33740 -47.6656 -41.0708 -10.0132 1
34694 -39.9263 -38.8732 -6.8930 1
34708 -40.4037 -39.4247 -7.1039 1
34709 -40.8667 -39.6562 -7.1904 1
34710 -41.4797 -39.7788 -7.4240 1
34722 -42.1757 -39.8244 -7.7136 1
34723 -42.9690 -39.8491 -7.9938 1
34724 -43.9096 -40.0254 -8.2887 1
34725 -45.1165 -40.0869 -8.8262 1
34726 -46.1430 -40.2678 -9.2672 1
34727 -46.8016 -40.5221 -9.6038 1
34728 -47.4352 -40.8888 -9.9015 1
34735 -47.1219 -40.6252 -9.7033 1
34736 -47.9847 -41.0856 -10.1822 1
35641 -40.1847 -38.9312 -7.0129 1
35642 -40.6858 -39.2371 -7.3456 1
35643 -41.2894 -39.3840 -7.6388 1
35658 -41.9424 -39.5478 -7.9723 1
35659 -42.8338 -39.7603 -8.2152 1
35660 -44.6355 -40.0529 -8.7076 1
35661 -45.5484 -40.0550 -9.0702 1
35662 -46.3609 -40.2568 -9.2832 1
35667 -43.3070 -39.8236 -8.5751 1
35668 -44.2988 -39.9650 -8.7318 1
35669 -45.1510 -39.9814 -8.9610 1
35670 -45.9430 -40.0987 -9.2569 1
35671 -46.6290 -40.3401 -9.3427 1
36606 -40.4622 -38.7530 -7.4698 1
36607 -41.0614 -39.0720 -7.7972 1
36626 -41.2013 -39.0733 -8.0528 1
36627 -42.1047 -39.5243 -8.4509 1
36638 -42.7655 -39.7706 -9.1269 1
36639 -43.8213 -40.0105 -9.2120 1
36640 -44.7707 -40.2039 -9.2246 1
36641 -45.6503 -40.0952 -9.2856 1
36642 -46.2981 -40.1712 -9.3558 1
36650 -43.2751 -40.3999 -10.0339 1
36651 -44.3533 -40.4210 -9.9006 1
36652 -45.3261 -40.4642 -9.9912 1
36653 -46.1838 -40.5247 -9.8468 1
134527 -43.6998 -39.9199 -8.3587 1
141268 -42.9606 -39.9831 -7.8675 1
143102 -42.6956 -40.5031 -11.2924 1
144241 -45.7949 -40.2415 -9.1216 1
144823 -40.1900 -38.6536 -7.0572 1
145076 -43.0713 -40.4726 -10.8329 1
149211 -39.8503 -38.3076 -6.9030 1
155207 -42.2272 -40.4676 -7.8005 1
155556 -43.5175 -40.3737 -9.9142 1
155968 -41.2603 -40.8899 -11.5375 1
161165 -41.9457 -40.1179 -7.5168 1
