# opus stage2 label
95
27061 -48.6538 -48.8969 -13.4904 1
27889 -52.0722 -48.5042 -8.5274 1
27907 -50.6086 -48.7266 -7.5549 1
27908 -53.4985 -49.3912 -9.6922 1
27925 -48.7553 -49.8975 -9.2503 1
27926 -50.4463 -49.7837 -9.3868 1
27927 -51.4989 -49.5238 -9.3294 1
27928 -52.9094 -49.6887 -9.9720 1
27942 -48.2887 -49.5248 -10.2045 1
27943 -49.1976 -49.3961 -10.4419 1
27944 -50.1641 -49.7172 -9.9664 1
27945 -51.4453 -49.6275 -10.2977 1
27946 -52.7594 -49.6055 -10.7648 1
27960 -48.8777 -48.4258 -12.0750 1
27961 -49.0340 -48.3497 -12.0091 1
27962 -50.0406 -48.6966 -11.9568 1
27975 -49.7575 -48.1195 -14.5249 1
27976 -49.9196 -47.2601 -14.5902 1
27987 -50.0663 -46.8457 -16.2356 1
27988 -50.2390 -46.1590 -16.1469 1
28906 -51.1964 -48.1845 -6.8799 1
28907 -52.2772 -47.7076 -6.6372 1
28908 -53.4781 -47.5773 -7.3111 1
28909 -55.2585 -47.6499 -8.2249 1
28928 -52.9385 -48.1970 -8.1367 1
28929 -54.3990 -48.6450 -9.0826 1
28942 -53.3966 -48.7113 -12.1849 1
28943 -53.4467 -49.3027 -10.8914 1
28944 -54.1143 -48.6136 -10.3528 1
28954 -50.8420 -46.5382 -13.3020 1
28955 -50.8162 -48.1549 -11.4988 1
28956 -51.7669 -48.2020 -11.6737 1
28965 -50.3228 -46.7467 -14.2951 1
28966 -50.3146 -47.0666 -13.4778 1
28974 -48.4451 -43.2306 -16.5607 1
28975 -49.5635 -44.2227 -16.4202 1
28976 -50.6542 -45.6402 -16.0151 1
28990 -49.4339 -44.9402 -16.8101 1
29842 -52.2786 -45.7460 -4.5647 1
29843 -53.8465 -46.0326 -4.8461 1
29860 -53.1148 -46.9429 -5.4199 1
29861 -54.2676 -46.6993 -6.4713 1
29872 -52.7551 -44.4126 -13.9741 1
29873 -54.2881 -45.8556 -14.0826 1
29874 -55.1688 -47.4132 -10.6509 1
29883 -50.1319 -43.6082 -13.9621 1
29884 -51.5471 -44.2658 -14.4643 1
29885 -53.3296 -46.4817 -13.1831 1
29886 -54.2347 -48.2003 -12.2785 1
29894 -50.7132 -43.8082 -14.9497 1
29895 -51.5810 -44.6912 -14.8645 1
29896 -51.6654 -46.2585 -13.3087 1
29904 -46.8194 -42.0945 -14.0904 1
29905 -48.5325 -42.7255 -14.7657 1
29906 -50.1483 -43.4862 -15.2454 1
29907 -51.2860 -45.2878 -15.1527 1
29918 -48.2884 -42.7717 -15.4684 1
29919 -49.9721 -43.7955 -15.9784 1
30754 -49.4975 -42.4495 -11.2425 1
30755 -50.3267 -42.7737 -11.1437 1
30756 -52.3203 -43.8156 -13.3463 1
30757 -54.2889 -44.9285 -13.7203 1
30758 -56.0648 -46.0319 -11.1051 1
30780 -46.4272 -41.0572 -11.4450 1
30781 -48.1459 -42.2165 -12.1493 1
30782 -50.0969 -43.0689 -13.3354 1
30783 -51.2737 -43.8490 -13.3941 1
30801 -46.5173 -41.3771 -12.3231 1
30802 -49.2267 -43.0378 -13.8828 1
30819 -47.8784 -42.4092 -13.3573 1
31700 -45.6896 -40.5838 -10.0976 1
31701 -47.4243 -41.1031 -10.5597 1
31702 -48.3184 -41.4355 -10.6565 1
31703 -49.2899 -42.0342 -10.5403 1
31704 -50.1348 -42.6829 -10.9337 1
31725 -45.3930 -40.6958 -10.5417 1
31726 -46.9033 -41.0295 -10.8732 1
31727 -48.2804 -41.9404 -11.2720 1
32702 -46.4934 -40.7029 -10.0556 1
32704 -48.3027 -41.3347 -10.2634 1
134724 -50.9755 -44.9376 -15.8706 1
135018 -50.1225 -49.1052 -8.4450 1
139601 -54.5595 -44.4386 -13.5448 1
140738 -52.5161 -45.2468 -14.1699 1
141773 -52.4917 -43.8696 -13.3554 1
144213 -56.2184 -45.4970 -13.1227 1
144220 -47.4673 -42.1006 -12.3477 1
146448 -49.5300 -49.7861 -9.2525 1
150558 -55.6794 -46.0955 -13.0780 1
153547 -52.5406 -46.9916 -12.8364 1
154623 -47.9726 -49.5015 -10.7791 1
156769 -46.8777 -42.1355 -13.1540 1
156958 -48.3919 -48.8577 -11.9356 1
159026 -46.0807 -40.9208 -10.7011 1
159773 -49.8270 -47.1193 -15.2892 1
