# opus stage2 label
87
35644 -52.0993 -37.0789 -3.7852 1
35663 -53.2964 -36.6263 -5.3065 1
36609 -51.6247 -36.2326 -3.8289 1
36610 -52.1323 -36.5435 -4.6079 1
36628 -51.8508 -35.6160 -4.5676 1
36629 -52.8953 -35.8397 -5.2484 1
36654 -54.1715 -36.8633 -10.4316 1
36668 -55.2613 -36.8231 -12.4136 1
36669 -56.6895 -38.1676 -14.2025 1
37603 -49.7930 -35.2295 -2.7290 1
37604 -50.7029 -34.7953 -3.5450 1
37622 -51.5355 -34.5560 -4.4926 1
37638 -52.2913 -35.1766 -5.4083 1
37639 -52.8747 -35.8061 -6.5565 1
37649 -51.6912 -34.5610 -5.8507 1
37650 -52.2685 -35.2047 -6.8238 1
37651 -52.8170 -35.8150 -7.9291 1
37658 -52.2555 -35.4413 -8.5854 1
37659 -53.5438 -35.9496 -9.4445 1
37671 -51.5288 -34.9052 -9.3922 1
37672 -53.0478 -35.3608 -10.1328 1
37673 -53.7270 -36.0422 -10.7250 1
37683 -52.9544 -35.0621 -11.1685 1
37684 -54.4707 -35.9025 -12.5134 1
38657 -48.9574 -34.9097 -2.4121 1
38675 -50.6870 -33.5916 -4.2431 1
38676 -50.8461 -34.1922 -4.0791 1
38689 -50.7079 -33.4817 -5.7048 1
38690 -51.1365 -34.0250 -4.9969 1
38698 -50.6237 -33.5190 -7.0282 1
38699 -51.0613 -34.0342 -6.4768 1
38707 -49.5924 -34.0664 -8.7262 1
38708 -50.2780 -34.4739 -8.9457 1
38719 -49.4310 -34.0407 -9.3999 1
38720 -50.9323 -34.5240 -10.0016 1
38730 -50.5910 -34.2453 -10.1960 1
38731 -52.7588 -34.5119 -11.8010 1
38732 -54.0498 -35.2500 -13.0038 1
38738 -53.4459 -34.5724 -13.1313 1
38739 -53.8867 -35.5734 -14.3321 1
39811 -50.1269 -33.1918 -3.8340 1
39827 -50.0356 -32.7467 -5.5210 1
39828 -50.2666 -33.0738 -5.0270 1
39836 -50.2466 -32.7872 -6.6424 1
39837 -50.3692 -33.1211 -6.2690 1
39847 -49.0534 -33.5692 -8.7296 1
39848 -50.0920 -33.2495 -7.6133 1
39862 -49.1521 -33.9244 -9.1834 1
39871 -50.4366 -33.8856 -10.3444 1
39872 -52.3724 -33.8848 -11.9468 1
39879 -52.2621 -33.3644 -12.1168 1
39880 -53.0884 -34.8556 -14.4915 1
40938 -49.7958 -32.7692 -4.3845 1
40947 -50.0643 -32.4729 -5.9907 1
40958 -49.9917 -32.8527 -7.0573 1
40979 -49.1613 -33.3751 -8.5102 1
40980 -49.1147 -33.5146 -8.9259 1
40992 -49.6810 -33.3231 -9.6838 1
40998 -51.3451 -33.0888 -11.4464 1
40999 -52.5953 -33.0423 -13.2199 1
41004 -52.4930 -33.3351 -14.8107 1
41984 -50.1036 -32.6709 -6.6072 1
42000 -49.9748 -32.9137 -7.5337 1
42018 -49.0198 -33.4501 -8.6764 1
42019 -49.4325 -33.3803 -9.4590 1
42032 -50.5544 -32.7580 -10.9317 1
42041 -52.1806 -32.6903 -12.6960 1
42042 -52.4101 -32.5727 -14.3521 1
43072 -49.9531 -32.8776 -7.8265 1
43091 -50.0740 -32.9080 -8.1526 1
43092 -50.1887 -32.8417 -9.1961 1
43106 -50.6168 -32.7152 -11.0542 1
43113 -52.1202 -32.3840 -13.0625 1
43119 -52.2828 -31.3680 -15.6099 1
44137 -50.1860 -32.7718 -8.5859 1
136611 -52.8358 -33.8708 -13.4904 1
142848 -49.0982 -33.7581 -8.9641 1
146457 -50.6524 -34.0983 -7.7967 1
148396 -50.1006 -35.9252 -3.0450 1
150975 -51.5667 -34.6694 -7.4703 1
152525 -53.4052 -36.4515 -6.4224 1
153954 -50.0810 -34.1740 -3.4400 1
156149 -55.9852 -37.5877 -12.6067 1
156820 -52.3787 -32.0143 -14.5711 1
158358 -49.9009 -32.6869 -6.8776 1
160072 -49.7459 -34.2926 -9.4387 1
160361 -49.8005 -33.0237 -7.6947 1
