# opus stage2 label
64
32759 -47.3582 -64.2339 -3.6347 1
33700 -45.7837 -63.3790 -2.4207 1
33701 -49.0369 -62.9681 -4.8799 1
33706 -49.1598 -63.9074 -5.4221 1
34641 -43.7576 -62.1880 -1.0751 1
35498 -42.8188 -60.8191 0.1205 1
35499 -43.7100 -60.5760 -0.4640 1
35505 -43.2418 -61.3995 -0.4214 1
36330 -42.1531 -59.5029 0.9733 1
36339 -43.0964 -60.0378 0.0277 1
36340 -43.9932 -59.6877 -0.5872 1
36341 -45.7425 -59.1026 -1.4724 1
37177 -42.0866 -58.7507 1.2106 1
37178 -42.8485 -58.8867 0.6583 1
37179 -44.4366 -57.8539 -0.2003 1
37189 -43.4345 -59.2901 0.1137 1
37190 -45.6973 -58.0118 -1.1382 1
38111 -41.7431 -58.1700 1.5310 1
38124 -42.4551 -58.0310 1.1220 1
38125 -43.3235 -58.0657 0.5987 1
38126 -44.0263 -57.3394 0.3365 1
38134 -44.9218 -56.8939 -0.3179 1
38135 -45.9378 -57.0559 -1.0722 1
39064 -42.3899 -56.8725 1.3916 1
39078 -42.1011 -57.5336 1.4274 1
39079 -42.9957 -57.2365 0.8581 1
39080 -44.1449 -56.5395 0.3549 1
39091 -45.1987 -56.1878 -0.2970 1
39092 -46.0966 -56.1500 -1.1524 1
39894 -42.1696 -56.0466 1.7548 1
39909 -42.6448 -56.2484 1.4076 1
39926 -43.1917 -56.4181 0.9231 1
39927 -43.9742 -55.9295 0.5518 1
39939 -44.8561 -55.7041 -0.1241 1
40710 -42.3756 -55.8041 2.0484 1
40718 -42.3287 -55.6624 1.9882 1
40719 -42.7637 -55.3754 1.7656 1
40733 -42.6664 -55.5655 1.7347 1
40746 -43.4092 -55.7080 0.9680 1
40747 -43.8575 -55.1175 0.8297 1
40757 -44.5522 -55.2104 0.3602 1
41626 -42.9358 -55.2103 1.6027 1
41642 -43.2414 -55.3327 1.2237 1
110108 -44.7244 -60.3123 -1.2328 1
110247 -47.0897 -60.9798 -2.7781 1
110255 -45.9830 -62.5160 -2.3316 1
110319 -47.2188 -63.1599 -3.3382 1
110328 -47.4743 -62.1117 -3.3234 1
110414 -46.6236 -60.0679 -2.2299 1
110450 -45.5395 -61.0811 -1.6660 1
111432 -42.5781 -61.4885 0.1418 1
114340 -43.5111 -55.2144 1.1747 1
115566 -44.3509 -58.8012 -0.4359 1
118623 -42.8149 -55.7699 1.4524 1
119210 -44.1870 -61.2601 -1.0984 1
122853 -44.8931 -62.8045 -1.8040 1
124774 -43.3977 -54.9634 1.2422 1
125053 -43.3496 -54.7738 1.3609 1
126197 -46.0289 -61.7219 -2.1578 1
127074 -44.9535 -61.9261 -1.6520 1
127581 -42.7273 -59.6078 0.5074 1
128193 -43.1417 -55.0809 1.4109 1
130349 -43.6706 -58.5915 0.2245 1
131217 -42.6673 -58.4434 0.9013 1
