# opus stage2 label
161
40368 -36.5607 -21.5047 10.4156 1
40369 -36.7581 -21.5017 10.5814 1
41203 -39.0303 -21.3229 9.8650 1
41215 -36.7926 -20.9344 10.6411 1
41216 -37.0009 -20.7895 10.4171 1
41217 -37.5538 -20.9527 10.2641 1
41219 -39.8243 -21.1675 9.8727 1
41306 -38.8288 -20.7501 1.4890 1
42145 -36.9943 -20.6295 10.1243 1
42146 -38.0461 -21.0934 10.0405 1
42147 -38.7330 -21.3970 9.7076 1
42245 -39.0723 -19.3936 0.5406 1
43218 -37.6595 -20.7915 9.9781 1
43233 -36.9272 -20.6528 9.3384 1
43234 -37.7024 -20.7945 9.6110 1
43245 -36.7888 -20.6212 8.1012 1
43307 -37.5842 -17.3998 5.1609 1
43314 -38.1456 -18.1771 4.0028 1
43316 -38.8728 -18.6412 1.8343 1
43320 -38.3832 -18.5163 -1.0644 1
44200 -36.9943 -20.1847 7.1372 1
44266 -37.6599 -16.2612 4.9850 1
44267 -37.9467 -17.1430 4.4904 1
44278 -37.3573 -16.1698 2.3869 1
44279 -38.1788 -17.0201 3.3726 1
44286 -37.2504 -16.0505 0.6911 1
44287 -38.0020 -16.8954 1.8709 1
44297 -37.0826 -16.1784 -1.1990 1
44298 -37.6938 -17.3017 -1.5086 1
44307 -36.5932 -16.4265 -2.9052 1
45156 -36.8178 -19.6203 7.3959 1
45169 -36.9318 -18.6796 6.9612 1
45170 -37.0174 -19.0086 6.8793 1
45171 -37.1513 -19.4260 6.7692 1
45182 -37.4238 -20.3680 6.5486 1
45229 -37.1005 -15.3155 5.0568 1
45230 -37.4334 -16.1401 5.4748 1
45246 -36.8416 -15.4061 3.9836 1
45272 -36.3885 -15.2306 -0.6259 1
45279 -35.6123 -14.5280 -2.1256 1
45280 -36.0986 -15.4686 -2.5688 1
46134 -37.0017 -17.2107 6.4979 1
46135 -36.9463 -17.7266 6.5793 1
46136 -37.0311 -18.1925 6.3617 1
46137 -37.0756 -18.1788 6.1831 1
46146 -37.0260 -16.5153 6.1092 1
46147 -37.0765 -16.7175 6.1783 1
46166 -36.6611 -15.6944 5.5292 1
46167 -36.8183 -15.6693 5.4964 1
46196 -37.0625 -15.4826 5.2279 1
47184 -37.0390 -17.0277 6.2333 1
47189 -36.9365 -15.6984 5.6214 1
47190 -37.0409 -15.9440 5.6588 1
47191 -37.2025 -15.9793 5.8782 1
47192 -37.2045 -16.4883 6.0488 1
47193 -37.1647 -17.0890 6.2001 1
47206 -36.4123 -14.9276 5.0564 1
47207 -36.4012 -14.8958 5.0704 1
47208 -36.8098 -15.1181 5.3766 1
48134 -36.6815 -14.9603 4.9618 1
48135 -37.0167 -15.2465 5.2396 1
48136 -37.1549 -15.5384 5.5322 1
48149 -36.3146 -14.5968 4.8775 1
48150 -36.8835 -14.4060 5.1766 1
48151 -37.4493 -14.4122 5.5793 1
49093 -35.4368 -13.6169 4.8644 1
49094 -36.2869 -13.9936 5.0999 1
49095 -36.5947 -13.9439 5.1222 1
49096 -38.0174 -14.0828 5.9637 1
49186 -34.2883 -13.2807 -5.3038 1
50127 -34.9650 -13.1709 4.7930 1
50128 -35.6356 -13.5660 4.7917 1
50129 -36.6936 -13.8897 5.0444 1
50130 -37.3505 -13.9551 5.3620 1
50145 -34.9630 -13.0797 4.7147 1
50146 -35.7869 -13.5177 4.7655 1
50147 -38.0925 -13.9447 5.8062 1
50158 -36.2236 -13.5191 4.5217 1
50159 -37.0804 -13.7301 4.7425 1
50168 -36.8037 -13.6818 3.8927 1
50211 -33.3581 -12.0025 -1.7912 1
50213 -33.8848 -12.9924 -3.5890 1
50225 -33.0286 -11.2697 -3.4271 1
50237 -33.3372 -10.1142 -4.6406 1
51170 -34.9121 -12.8477 4.4226 1
51171 -35.5331 -13.2189 4.4630 1
51185 -34.2327 -12.2126 3.7204 1
51186 -34.7720 -12.5357 3.7480 1
51187 -35.3805 -12.9262 3.7740 1
51188 -36.0539 -13.3382 3.7917 1
51196 -34.5484 -12.2536 2.8464 1
51197 -35.2385 -12.7139 2.8660 1
51198 -35.9006 -13.2427 2.9235 1
51208 -34.2439 -12.0136 1.7382 1
51226 -33.0174 -10.9304 -0.8316 1
51239 -33.0986 -10.5041 -2.0734 1
51240 -33.1046 -10.9580 -2.6340 1
51257 -33.2239 -9.7952 -3.4188 1
52222 -34.0195 -11.8333 2.8961 1
52241 -33.5305 -11.5235 1.7681 1
52254 -33.0740 -10.9611 0.2433 1
52270 -33.0034 -9.6259 -0.7293 1
52271 -32.9997 -9.9824 -1.3371 1
52288 -33.3601 -9.1972 -2.9839 1
53253 -33.5156 -8.1365 -1.7433 1
53254 -33.4788 -8.6338 -2.3637 1
53268 -34.4649 -7.4961 -2.7868 1
53282 -34.0528 -8.1111 -3.3973 1
53296 -31.6236 -9.6494 -6.4710 1
54271 -33.9864 -7.0975 -2.1332 1
54284 -35.4976 -6.5615 -2.5401 1
54297 -33.4693 -8.9406 -3.9803 1
54313 -31.8553 -8.1181 -6.7776 1
55284 -34.4709 -6.3097 -2.2800 1
55304 -33.5860 -7.6496 -4.5887 1
55305 -34.1817 -6.6820 -3.5156 1
55314 -33.1859 -7.1274 -6.1922 1
55315 -34.2105 -6.0440 -5.2163 1
56297 -34.5918 -5.9064 -2.2542 1
56298 -34.7909 -5.7999 -2.3512 1
56311 -34.8372 -5.5586 -3.1660 1
56312 -35.1023 -4.6794 -3.3799 1
56313 -37.0127 -4.5665 -3.1432 1
56320 -35.1411 -4.6693 -4.5315 1
56321 -35.5432 -3.7520 -4.3707 1
57319 -35.3848 -4.1792 -3.5985 1
57320 -35.2908 -3.6497 -3.9888 1
57321 -35.8899 -3.4808 -4.2838 1
57336 -34.8508 -2.1842 -4.2710 1
57337 -34.9789 -1.5798 -5.0993 1
57338 -35.7491 -1.7723 -5.1031 1
123266 -36.4378 -13.7083 4.9144 1
123780 -36.9844 -20.5099 7.7371 1
123933 -37.3509 -20.7083 10.1681 1
124321 -36.7905 -15.7493 5.5219 1
125102 -35.0555 -3.6535 -3.7435 1
127022 -37.2499 -13.8392 5.2291 1
128920 -37.9484 -16.9769 0.2703 1
129183 -38.6742 -18.0469 0.3140 1
129850 -37.5696 -20.8142 8.8714 1
130205 -39.0840 -21.4271 9.4954 1
132020 -36.9649 -17.9485 6.5264 1
133045 -37.3061 -19.0986 6.4516 1
133050 -38.5847 -17.8918 2.7764 1
133238 -37.4304 -16.2459 3.7280 1
133280 -33.2032 -11.5204 -1.1104 1
134195 -33.5357 -12.3329 -2.6805 1
134392 -38.7243 -19.6140 -1.0438 1
135256 -37.2873 -20.6167 9.9075 1
136564 -40.0967 -21.1391 9.7751 1
138978 -36.1075 -14.6358 4.2535 1
139486 -35.1332 -4.3707 -3.4288 1
140274 -39.3328 -21.2176 9.9850 1
141862 -36.5667 -15.4557 2.8590 1
142731 -38.6544 -17.6624 1.4929 1
142811 -37.1380 -15.3449 5.6195 1
143036 -36.7204 -21.1718 10.6140 1
143767 -37.2761 -14.0472 5.3951 1
143878 -37.0667 -17.2555 6.2913 1
145052 -35.9623 -14.9302 3.3448 1
145639 -35.1435 -3.2186 -4.4294 1
