# opus stage2 label
161
15637 -38.6347 -49.1225 -1.3450 1
16501 -37.2945 -48.4892 -1.2819 1
16502 -38.1284 -47.8608 -1.4579 1
17384 -35.9161 -46.3129 -0.6698 1
17385 -37.4911 -46.1242 -1.2013 1
17392 -36.7917 -47.5791 -1.1860 1
17393 -38.6463 -46.8286 -1.5489 1
17394 -40.1178 -47.3491 -1.4542 1
18249 -45.4524 -47.5590 1.7897 1
18256 -32.8534 -44.8907 -2.4609 1
18257 -34.7380 -45.2144 -1.1708 1
18259 -38.9772 -45.1783 -1.4741 1
18260 -41.6500 -45.1098 -1.4609 1
18261 -43.7193 -46.5871 -1.5185 1
18262 -45.0701 -46.6264 -0.8447 1
18265 -38.5301 -45.8807 -1.5092 1
18266 -39.8708 -46.2128 -1.6491 1
18267 -41.7423 -46.3162 -1.7869 1
19115 -36.3186 -44.1670 -0.6210 1
19117 -45.6431 -46.0447 0.6577 1
19118 -46.2562 -45.3610 1.5243 1
19122 -33.5070 -44.0714 -2.5209 1
19123 -35.4785 -44.5594 -0.9438 1
19125 -42.1607 -44.2754 -1.3020 1
19126 -44.3344 -45.3120 -1.6439 1
19127 -45.4516 -44.2885 -1.3033 1
19981 -47.4938 -43.2855 2.1008 1
19989 -35.7793 -43.5526 -1.8510 1
19990 -37.1147 -43.6336 -0.2232 1
19991 -37.7981 -42.8531 -0.0974 1
19992 -46.3748 -43.3005 -0.5538 1
19998 -34.2289 -43.4411 -2.5499 1
20000 -39.1114 -43.4222 -0.8291 1
20001 -41.1141 -43.4716 -1.0923 1
20002 -43.3356 -43.6474 -0.9832 1
20003 -45.8470 -42.8904 -1.2956 1
20860 -43.8606 -39.1780 7.8174 1
20871 -46.7087 -40.7518 4.2500 1
20885 -47.2813 -42.3046 0.7275 1
20886 -47.6189 -42.1006 2.1626 1
20895 -36.3272 -43.1984 -1.7005 1
20896 -37.7468 -42.9084 -0.1594 1
20897 -38.3854 -42.2010 0.0670 1
20898 -46.9262 -42.0628 -0.9710 1
20902 -34.8514 -42.4483 -2.6023 1
20903 -39.8971 -42.7904 -0.8150 1
20904 -40.1907 -42.0950 -0.6246 1
20905 -43.8714 -42.4315 -0.9290 1
20906 -45.8835 -41.3589 -1.5549 1
21703 -43.7911 -39.0371 7.7181 1
21704 -44.8006 -39.3598 6.9302 1
21713 -44.6949 -39.2168 6.8525 1
21714 -45.8778 -39.7623 5.6463 1
21723 -46.5946 -40.4244 4.0040 1
21733 -37.1141 -42.6239 -0.9134 1
21734 -38.0975 -41.6598 0.0093 1
21735 -38.5265 -41.0015 0.2504 1
21736 -46.7096 -40.5762 0.8097 1
21744 -40.2553 -41.3381 -0.3742 1
21745 -41.9262 -41.8804 -0.7883 1
21746 -45.9548 -41.3240 -0.6983 1
21751 -43.7139 -41.5642 -0.9934 1
21752 -45.5016 -40.9585 -1.4420 1
22661 -44.4561 -38.9188 6.8368 1
22662 -45.6752 -39.5200 5.7389 1
22668 -45.4648 -39.1828 5.6846 1
22669 -46.2326 -39.4615 4.4407 1
22681 -38.0115 -41.3319 -0.4070 1
22682 -38.4921 -41.0225 0.2505 1
22683 -38.8718 -40.4445 0.3194 1
22684 -46.4107 -39.5256 3.1784 1
22691 -39.9388 -40.4101 0.0977 1
22692 -42.0144 -41.0713 -0.7356 1
22693 -45.3628 -40.5667 -1.0103 1
22694 -45.7531 -40.4507 0.4273 1
22699 -43.7522 -40.7518 -0.8950 1
23575 -44.3820 -38.4950 6.5801 1
23584 -45.7141 -38.6950 5.0581 1
23585 -46.2179 -38.6654 3.5051 1
23598 -38.4862 -40.6673 0.0357 1
23599 -46.2956 -39.5267 2.1872 1
23605 -37.5305 -40.8095 -2.2692 1
23606 -38.1191 -39.8941 -2.0535 1
23607 -39.2335 -39.7999 0.0364 1
23608 -40.0013 -39.5578 0.1535 1
23609 -42.1848 -39.3899 -0.2929 1
23610 -45.8999 -39.8904 1.3553 1
23615 -36.5213 -39.8537 -2.6915 1
23616 -43.5128 -39.9069 -0.4611 1
23617 -44.6183 -39.4702 0.1697 1
23618 -45.4008 -39.9725 0.5429 1
24441 -43.2500 -37.8168 7.3322 1
24450 -44.2736 -37.3013 5.8862 1
24451 -45.4986 -37.9129 5.0104 1
24461 -45.4957 -37.1516 5.0608 1
24462 -45.9488 -37.8636 3.6348 1
24463 -46.0267 -38.7742 2.1806 1
24469 -37.2328 -38.9884 -2.6776 1
24470 -38.7705 -38.6633 -1.4396 1
24471 -40.5142 -38.6231 0.0444 1
24472 -42.5778 -38.4937 0.0785 1
24477 -44.1345 -38.5564 0.2081 1
24478 -45.1673 -38.6388 0.6994 1
24479 -45.6443 -39.2019 1.0306 1
25408 -43.3131 -36.7292 6.3052 1
25416 -44.7071 -36.5226 5.6373 1
25423 -40.3087 -38.1200 -0.2138 1
25424 -41.4915 -37.9601 0.2042 1
25425 -45.8380 -37.3499 2.6172 1
25426 -45.7463 -38.2927 1.5725 1
25431 -39.0288 -37.5812 -1.7271 1
25432 -41.1334 -37.3137 -0.3914 1
25433 -43.2207 -37.6579 0.2438 1
25434 -45.1737 -37.6600 0.8411 1
25439 -35.9453 -38.0140 -3.2016 1
25440 -37.3172 -37.1281 -2.8815 1
26390 -39.4861 -36.7814 -1.6900 1
26391 -41.4463 -36.4943 -0.8431 1
26392 -43.2439 -36.1281 -0.1045 1
26393 -44.8602 -35.5338 0.9073 1
26400 -38.0583 -36.3254 -2.6366 1
26401 -39.8321 -36.0940 -1.8214 1
121690 -36.9586 -41.4755 -2.4273 1
124242 -41.9352 -40.1888 -0.4979 1
124389 -46.7290 -44.6438 2.0342 1
125026 -45.0177 -48.0490 0.9595 1
125171 -39.2455 -47.7200 -1.4327 1
125589 -46.5731 -40.2332 3.1038 1
125814 -47.1927 -41.2056 0.8553 1
126497 -44.5281 -36.6133 0.5595 1
127167 -40.7234 -48.5005 -1.2504 1
128740 -37.1270 -42.0331 -2.0176 1
129590 -44.4380 -47.7563 -0.7213 1
130170 -38.1181 -41.8523 0.0142 1
131339 -44.3467 -37.8833 6.2471 1
131415 -41.6809 -42.7360 -0.8604 1
131550 -46.8521 -41.4403 -0.9797 1
134150 -45.6208 -36.6758 1.9362 1
134952 -37.9035 -44.0620 -0.5443 1
135305 -43.0873 -36.0384 6.0891 1
137235 -46.8362 -43.7447 1.1618 1
137353 -36.1821 -45.0888 -0.4137 1
137911 -40.2756 -45.3839 -1.6499 1
137955 -46.9739 -41.3851 2.6482 1
138377 -37.6694 -38.1032 -2.6521 1
138384 -37.0464 -43.7517 -0.1387 1
138998 -43.5096 -39.2172 -0.1736 1
139097 -41.8012 -35.8551 -1.0918 1
139576 -38.7246 -41.5672 0.1586 1
141473 -46.3041 -41.8853 -1.4187 1
141573 -39.7261 -44.5225 -1.3307 1
141636 -42.8009 -36.8166 -0.0035 1
142205 -37.4560 -46.9874 -1.3145 1
142905 -45.9978 -44.6138 -0.2510 1
142990 -46.2369 -39.7807 4.7283 1
143328 -40.6631 -44.0919 -1.3359 1
144187 -38.5805 -42.6825 -0.2836 1
144876 -41.5226 -48.0887 -1.3490 1
145262 -45.4142 -45.3108 -1.2234 1
146171 -35.8204 -42.2680 -2.5110 1
146630 -45.9827 -38.0716 2.4271 1
