# opus stage2 label
60
45706 -40.5254 -48.7494 -1.4172 1
46681 -40.2125 -48.9117 -0.8889 1
46682 -40.6119 -48.2078 -0.9280 1
46688 -40.9675 -48.4016 -2.0510 1
46694 -41.1836 -48.7413 -3.1407 1
46695 -41.8436 -48.6941 -4.3469 1
46705 -42.1455 -49.2549 -5.6353 1
46713 -42.6026 -47.9502 -7.7023 1
47495 -40.5004 -47.3686 -0.0735 1
47496 -40.5986 -47.4476 -0.6011 1
47511 -40.7819 -47.4084 -1.2146 1
47519 -41.0017 -47.5573 -1.9187 1
47526 -41.8632 -47.8496 -3.8018 1
47532 -42.2004 -47.1293 -4.9864 1
47537 -42.7814 -47.6528 -6.2401 1
48345 -40.0876 -46.4990 0.0365 1
48346 -40.5304 -46.7556 -0.3368 1
48360 -40.0004 -46.1389 -0.5487 1
48361 -40.6456 -46.6166 -0.8521 1
48366 -40.9082 -46.4714 -1.7337 1
48373 -41.2733 -45.8988 -2.8137 1
48374 -41.5696 -46.5364 -3.8614 1
48381 -41.6735 -45.3846 -4.1045 1
48388 -42.4989 -46.5658 -6.0597 1
48396 -42.2806 -47.2707 -8.6989 1
49247 -39.5934 -45.5160 -0.1765 1
49259 -39.7591 -45.1841 -0.7532 1
49277 -39.9286 -44.8941 -1.4254 1
49278 -40.3096 -45.8056 -1.1650 1
49288 -40.1722 -44.6977 -2.1423 1
49289 -40.6524 -45.4489 -1.9773 1
49297 -40.6755 -44.8842 -3.0213 1
49305 -42.8369 -45.5382 -6.1908 1
50218 -39.0040 -44.3124 0.0338 1
50226 -39.2736 -44.5773 -0.3981 1
50252 -39.2505 -43.9032 -3.0054 1
50261 -39.9767 -43.9630 -3.9337 1
51221 -38.8564 -43.0906 -1.3392 1
52294 -39.2342 -42.1492 -1.3514 1
52306 -39.4300 -41.8204 -1.9852 1
111131 -39.2712 -42.4784 -1.7926 1
111580 -39.0569 -43.4860 -3.0858 1
111750 -38.8688 -43.4984 -2.3700 1
112529 -38.9601 -43.8180 -1.0108 1
112744 -38.9338 -43.9139 -0.3749 1
112968 -42.3634 -48.2087 -5.2736 1
115436 -42.6651 -48.5822 -6.6075 1
116234 -39.4257 -44.3863 -1.0514 1
121183 -42.5147 -46.1441 -8.5569 1
121698 -38.9008 -43.6131 -0.1514 1
123361 -39.6740 -45.7176 0.2780 1
124913 -39.2596 -45.0339 0.0648 1
125835 -41.3467 -44.6448 -4.3853 1
126154 -39.0524 -44.0197 -2.2326 1
129211 -41.2188 -47.0337 -2.7733 1
129715 -38.8573 -43.7836 -1.7494 1
130534 -39.6232 -42.2857 -2.6388 1
130585 -40.8449 -48.1238 -1.4379 1
131185 -41.3683 -47.9674 -2.6481 1
133433 -38.8691 -43.7505 -2.7345 1
