# opus stage2 label
180
30629 -45.5184 -65.9421 -2.3294 1
30636 -46.4777 -68.4087 -8.5089 1
30639 -47.1577 -67.3467 -9.2099 1
30640 -48.7742 -67.1918 -9.1755 1
31672 -42.0132 -64.5104 0.2960 1
31673 -42.7354 -65.0570 -0.2852 1
31681 -43.5867 -65.6078 -0.8816 1
31682 -45.0583 -65.0507 -2.0116 1
31686 -46.1019 -65.3789 -2.8668 1
31687 -46.8700 -66.1333 -3.5542 1
31688 -48.1679 -66.4190 -5.3283 1
31694 -49.4426 -66.7785 -8.1248 1
31695 -49.4901 -65.3838 -8.4730 1
31700 -48.9105 -66.0178 -9.3198 1
32730 -40.6821 -63.4094 1.4038 1
32740 -41.4136 -63.4670 0.9225 1
32741 -42.0762 -63.6909 0.3187 1
32742 -42.7671 -64.1913 -0.3482 1
32750 -44.7194 -64.2081 -1.4607 1
32753 -45.5836 -64.3060 -2.4115 1
32754 -47.2297 -65.2677 -3.5574 1
32755 -48.8345 -65.2654 -5.8133 1
32759 -47.3582 -64.2339 -3.6347 1
32765 -47.3722 -64.6595 -9.9078 1
32767 -49.6207 -64.0162 -9.0398 1
33680 -40.4808 -62.5674 1.6063 1
33681 -41.2200 -62.7374 1.1477 1
33687 -41.9808 -62.7622 0.4846 1
33688 -42.8053 -63.1895 -0.4465 1
33696 -43.9760 -63.2476 -1.2604 1
33697 -45.1948 -63.6911 -1.7538 1
33700 -45.7837 -63.3790 -2.4207 1
33701 -49.0369 -62.9681 -4.8799 1
33706 -49.1598 -63.9074 -5.4221 1
33707 -49.8713 -63.4331 -7.8008 1
33715 -49.5459 -62.4443 -9.1867 1
34621 -40.6209 -61.8381 1.5937 1
34622 -41.0682 -62.0378 1.2720 1
34623 -41.5426 -61.5690 0.9464 1
34631 -41.5787 -62.1943 0.8984 1
34632 -42.0741 -61.8892 0.4925 1
34633 -42.7590 -62.2080 -0.1999 1
34641 -43.7576 -62.1880 -1.0751 1
34651 -49.3769 -62.8797 -6.1003 1
34652 -49.4581 -61.8678 -7.2525 1
34653 -49.5361 -61.2962 -8.8972 1
34661 -48.6170 -62.1213 -9.9833 1
35474 -40.8523 -60.5669 1.5152 1
35487 -40.4848 -61.2964 1.8197 1
35488 -41.4953 -60.8161 1.0159 1
35497 -42.1123 -61.1441 0.5785 1
35498 -42.8188 -60.8191 0.1205 1
35499 -43.7100 -60.5760 -0.4640 1
35505 -43.2418 -61.3995 -0.4214 1
35521 -49.2318 -60.4715 -8.7657 1
36328 -41.0201 -59.8856 1.5556 1
36329 -41.5448 -60.0791 1.2203 1
36330 -42.1531 -59.5029 0.9733 1
36338 -42.2771 -60.2913 0.6746 1
36339 -43.0964 -60.0378 0.0277 1
36340 -43.9932 -59.6877 -0.5872 1
36341 -45.7425 -59.1026 -1.4724 1
37147 -43.0216 -58.3889 0.8305 1
37148 -43.6959 -58.4923 0.2607 1
37157 -44.2666 -57.9114 0.0379 1
37176 -41.5140 -59.3976 1.4521 1
37177 -42.0866 -58.7507 1.2106 1
37178 -42.8485 -58.8867 0.6583 1
37179 -44.4366 -57.8539 -0.2003 1
37189 -43.4345 -59.2901 0.1137 1
37190 -45.6973 -58.0118 -1.1382 1
37203 -47.7238 -57.7290 -2.4868 1
38092 -43.1988 -57.1343 1.2107 1
38093 -44.2341 -57.1472 0.2716 1
38103 -44.7314 -57.4162 -0.1552 1
38104 -45.2464 -57.2398 -0.6206 1
38111 -41.7431 -58.1700 1.5310 1
38124 -42.4551 -58.0310 1.1220 1
38125 -43.3235 -58.0657 0.5987 1
38126 -44.0263 -57.3394 0.3365 1
38134 -44.9218 -56.8939 -0.3179 1
38135 -45.9378 -57.0559 -1.0722 1
38144 -47.2099 -57.0785 -1.9500 1
39016 -40.8763 -57.1749 2.4737 1
39027 -41.4378 -56.6970 2.2131 1
39042 -42.8871 -56.6392 1.6549 1
39043 -43.4596 -56.4156 1.1056 1
39055 -44.9291 -56.6807 0.0024 1
39056 -45.5906 -56.5171 -0.2486 1
39063 -41.6724 -57.2036 1.7928 1
39064 -42.3899 -56.8725 1.3916 1
39078 -42.1011 -57.5336 1.4274 1
39079 -42.9957 -57.2365 0.8581 1
39080 -44.1449 -56.5395 0.3549 1
39091 -45.1987 -56.1878 -0.2970 1
39092 -46.0966 -56.1500 -1.1524 1
39101 -47.5954 -56.1113 -2.2148 1
39854 -41.0225 -56.5889 2.5471 1
39865 -41.0574 -56.5201 2.5264 1
39866 -41.6734 -56.2239 2.1870 1
39867 -42.0870 -56.2337 2.1668 1
39868 -42.6833 -56.0162 1.9127 1
39878 -41.1253 -56.4535 2.4899 1
39879 -43.1775 -55.6369 1.4388 1
39880 -43.7061 -55.6755 1.0167 1
39892 -41.0223 -56.8214 2.4589 1
39893 -41.5829 -56.4968 2.1465 1
39894 -42.1696 -56.0466 1.7548 1
39908 -41.8884 -56.5853 1.7564 1
39909 -42.6448 -56.2484 1.4076 1
39926 -43.1917 -56.4181 0.9231 1
39927 -43.9742 -55.9295 0.5518 1
39939 -44.8561 -55.7041 -0.1241 1
39940 -46.1001 -55.4414 -1.0565 1
39950 -47.6458 -55.1445 -2.3520 1
40708 -41.6406 -56.1832 2.1748 1
40709 -42.0559 -55.8835 2.1126 1
40710 -42.3756 -55.8041 2.0484 1
40717 -41.8638 -56.0280 2.0351 1
40718 -42.3287 -55.6624 1.9882 1
40719 -42.7637 -55.3754 1.7656 1
40720 -42.9359 -55.4434 1.6585 1
40721 -44.0571 -55.0768 0.8502 1
40722 -44.4369 -55.3886 0.4265 1
40733 -42.6664 -55.5655 1.7347 1
40746 -43.4092 -55.7080 0.9680 1
40747 -43.8575 -55.1175 0.8297 1
40757 -44.5522 -55.2104 0.3602 1
40766 -45.9635 -54.7562 -0.8612 1
41613 -43.3528 -54.8206 1.3370 1
41614 -44.0682 -54.7274 0.8967 1
41626 -42.9358 -55.2103 1.6027 1
41627 -43.8840 -54.6624 0.8643 1
41628 -44.1041 -54.4530 0.7955 1
41642 -43.2414 -55.3327 1.2237 1
41657 -44.5421 -54.6503 0.4482 1
42569 -44.5699 -54.3707 0.4264 1
110108 -44.7244 -60.3123 -1.2328 1
110109 -49.3062 -60.7547 -7.7335 1
110111 -48.9428 -59.7500 -4.2524 1
110247 -47.0897 -60.9798 -2.7781 1
110251 -49.3226 -60.5898 -5.9791 1
110255 -45.9830 -62.5160 -2.3316 1
110319 -47.2188 -63.1599 -3.3382 1
110328 -47.4743 -62.1117 -3.3234 1
110386 -48.7903 -60.8718 -9.4415 1
110408 -49.2282 -61.9809 -5.1207 1
110414 -46.6236 -60.0679 -2.2299 1
110450 -45.5395 -61.0811 -1.6660 1
110702 -48.2878 -58.6356 -3.2814 1
111432 -42.5781 -61.4885 0.1418 1
113526 -43.7153 -54.8192 0.9239 1
114340 -43.5111 -55.2144 1.1747 1
115566 -44.3509 -58.8012 -0.4359 1
116946 -41.5486 -64.0976 0.7544 1
118623 -42.8149 -55.7699 1.4524 1
118932 -39.9617 -63.3604 1.8449 1
119210 -44.1870 -61.2601 -1.0984 1
120758 -40.3198 -60.6950 2.1463 1
120868 -43.7873 -64.7411 -1.0760 1
120884 -41.4570 -56.2072 2.3026 1
122091 -43.6020 -57.6858 0.6371 1
122853 -44.8931 -62.8045 -1.8040 1
123299 -43.5000 -63.8532 -0.9286 1
124774 -43.3977 -54.9634 1.2422 1
125053 -43.3496 -54.7738 1.3609 1
125219 -40.9601 -61.3298 1.3240 1
126197 -46.0289 -61.7219 -2.1578 1
127003 -43.7397 -56.9133 0.7349 1
127074 -44.9535 -61.9261 -1.6520 1
127141 -44.6968 -65.5627 -1.4130 1
127581 -42.7273 -59.6078 0.5074 1
128193 -43.1417 -55.0809 1.4109 1
128443 -43.1753 -56.0474 1.4563 1
129206 -42.9294 -57.7733 1.1749 1
130349 -43.6706 -58.5915 0.2245 1
130625 -43.2107 -62.6553 -0.7905 1
131085 -44.4946 -54.2671 0.5204 1
131217 -42.6673 -58.4434 0.9013 1
132717 -44.1712 -56.2601 0.3882 1
