# Freesurfer label: sub-05 rnd7 tmax2 day3PF unionROI
160
28740 -38.288000 -44.404000 -11.833000 1
29758 -39.874000 -42.890000 -9.692000 1
29768 -37.591000 -43.406000 -10.587000 1
29769 -39.101000 -43.377000 -10.299000 1
29770 -40.231000 -43.096000 -10.107000 1
29777 -37.144000 -43.880000 -11.140000 1
29778 -38.102000 -43.939000 -11.117000 1
29779 -40.058000 -43.536000 -10.649000 1
29780 -40.469000 -43.246000 -10.758000 1
30782 -39.791000 -42.431000 -9.269000 1
30783 -40.247000 -42.505000 -9.664000 1
30797 -40.332000 -42.718000 -10.266000 1
30832 -37.027000 -42.253000 -14.908000 1
30848 -35.958000 -42.306000 -15.950000 1
30870 -35.044000 -42.237000 -16.100000 1
30884 -34.001000 -42.132000 -17.110000 1
30885 -35.289000 -42.444000 -17.523000 1
30901 -33.957000 -42.139000 -17.895000 1
30902 -34.710000 -42.422000 -18.167000 1
30903 -35.748000 -42.518000 -18.408000 1
30904 -36.728000 -42.403000 -18.103000 1
30905 -37.427000 -42.264000 -18.108000 1
30922 -34.034000 -42.137000 -18.811000 1
30923 -34.515000 -42.403000 -19.606000 1
30924 -35.412000 -42.640000 -19.418000 1
30925 -36.315000 -42.600000 -19.148000 1
30926 -37.044000 -42.634000 -19.615000 1
30940 -33.841000 -41.875000 -19.678000 1
30941 -35.067000 -42.687000 -20.322000 1
30942 -36.116000 -42.841000 -20.172000 1
31860 -39.470000 -41.243000 -10.556000 1
31861 -40.347000 -42.100000 -9.736000 1
31867 -36.916000 -40.697000 -11.771000 1
31868 -38.196000 -40.967000 -11.252000 1
31869 -39.061000 -41.671000 -11.201000 1
31870 -40.363000 -42.594000 -10.436000 1
31878 -35.258000 -41.274000 -13.034000 1
31879 -36.789000 -41.341000 -12.512000 1
31880 -37.870000 -41.390000 -11.898000 1
31890 -34.096000 -41.340000 -13.960000 1
31891 -34.962000 -41.510000 -13.803000 1
31892 -35.803000 -41.612000 -13.616000 1
31893 -36.602000 -41.707000 -13.311000 1
31905 -33.658000 -41.417000 -14.853000 1
31906 -35.563000 -41.862000 -14.436000 1
31907 -36.194000 -42.224000 -15.083000 1
31918 -32.991000 -41.247000 -15.383000 1
31919 -33.534000 -41.610000 -15.799000 1
31920 -34.394000 -41.865000 -15.495000 1
31921 -35.299000 -42.083000 -15.274000 1
31937 -32.728000 -41.185000 -16.941000 1
31938 -33.396000 -41.677000 -16.624000 1
31939 -34.163000 -42.056000 -16.315000 1
31956 -32.720000 -41.136000 -17.824000 1
31957 -33.320000 -41.659000 -17.463000 1
31972 -32.857000 -41.055000 -18.647000 1
31973 -33.338000 -41.610000 -18.308000 1
33027 -40.605000 -40.993000 -9.474000 1
33033 -38.680000 -40.408000 -10.711000 1
33034 -40.152000 -40.604000 -10.091000 1
33040 -34.938000 -40.260000 -12.058000 1
33041 -35.836000 -40.120000 -11.715000 1
33048 -32.817000 -39.933000 -12.844000 1
33049 -33.502000 -40.421000 -12.810000 1
33050 -34.750000 -40.798000 -12.619000 1
33051 -35.747000 -40.848000 -12.358000 1
33063 -32.999000 -40.537000 -13.419000 1
33064 -33.710000 -40.921000 -13.354000 1
33065 -34.452000 -41.158000 -13.224000 1
33073 -32.802000 -40.930000 -14.721000 1
33074 -33.265000 -41.038000 -14.028000 1
33083 -32.505000 -40.722000 -15.464000 1
33095 -32.377000 -40.612000 -16.313000 1
34069 -40.970000 -39.675000 -9.443000 1
34075 -37.017000 -38.914000 -11.048000 1
34076 -37.828000 -39.600000 -10.914000 1
34077 -39.146000 -39.613000 -10.469000 1
34078 -40.683000 -40.325000 -9.558000 1
34083 -33.557000 -39.042000 -11.933000 1
34084 -34.239000 -39.653000 -11.924000 1
34085 -35.067000 -39.509000 -11.641000 1
34086 -36.738000 -39.760000 -11.312000 1
34087 -37.612000 -40.298000 -11.232000 1
34093 -33.481000 -39.774000 -12.315000 1
34094 -34.144000 -40.325000 -12.378000 1
34108 -32.250000 -39.298000 -13.081000 1
34119 -31.839000 -39.372000 -13.979000 1
34120 -32.181000 -40.188000 -14.624000 1
34131 -31.742000 -39.337000 -14.955000 1
34132 -32.013000 -40.032000 -15.621000 1
34145 -31.998000 -39.859000 -16.487000 1
35137 -40.580000 -38.895000 -8.653000 1
35138 -41.145000 -38.620000 -8.880000 1
35144 -41.265000 -38.889000 -9.307000 1
35149 -38.134000 -38.726000 -10.753000 1
35150 -39.580000 -38.835000 -10.476000 1
35151 -40.990000 -38.864000 -10.020000 1
35152 -41.438000 -38.362000 -9.700000 1
35158 -33.789000 -38.289000 -12.018000 1
35159 -35.255000 -38.671000 -11.537000 1
35160 -36.167000 -38.497000 -11.307000 1
35161 -37.116000 -38.000000 -11.032000 1
35169 -32.339000 -38.502000 -12.637000 1
35170 -32.986000 -38.405000 -12.138000 1
35187 -31.835000 -38.566000 -13.399000 1
35196 -31.582000 -38.488000 -14.390000 1
36149 -39.260000 -37.711000 -8.274000 1
36150 -41.204000 -37.931000 -8.896000 1
36160 -41.446000 -37.898000 -9.415000 1
36170 -38.516000 -38.009000 -10.822000 1
36171 -40.076000 -38.161000 -10.685000 1
36172 -41.130000 -38.078000 -10.351000 1
36173 -41.380000 -37.923000 -10.009000 1
36185 -34.652000 -38.107000 -11.905000 1
36186 -35.475000 -37.911000 -11.721000 1
36187 -36.215000 -37.823000 -11.526000 1
36205 -31.924000 -37.832000 -12.918000 1
36206 -32.522000 -37.731000 -12.431000 1
36207 -33.216000 -37.614000 -12.163000 1
36231 -31.606000 -37.782000 -13.708000 1
37206 -37.200000 -35.846000 -7.694000 1
37214 -37.747000 -36.557000 -7.862000 1
37215 -38.876000 -36.730000 -8.207000 1
37216 -39.992000 -36.597000 -8.657000 1
37217 -40.608000 -37.421000 -8.711000 1
37226 -40.399000 -36.305000 -9.170000 1
37227 -41.012000 -37.140000 -9.117000 1
37273 -32.676000 -36.858000 -12.344000 1
37274 -33.527000 -36.858000 -12.298000 1
132063 -32.842000 -39.175000 -12.358000 1
132365 -39.890000 -37.297000 -8.465000 1
132585 -36.007000 -41.368000 -12.925000 1
132799 -38.091000 -35.829000 -7.943000 1
132977 -34.780000 -42.331000 -16.872000 1
133366 -34.666000 -41.682000 -14.639000 1
133840 -41.279000 -37.367000 -9.933000 1
135110 -37.109000 -42.431000 -18.732000 1
136083 -32.123000 -37.219000 -12.663000 1
136205 -36.466000 -41.989000 -14.188000 1
137141 -40.144000 -41.969000 -10.387000 1
137851 -32.830000 -41.241000 -16.096000 1
139214 -32.361000 -40.036000 -13.634000 1
139279 -40.499000 -39.714000 -10.007000 1
140865 -35.884000 -39.301000 -11.396000 1
143087 -40.735000 -40.421000 -9.225000 1
144273 -40.460000 -38.072000 -8.560000 1
144323 -34.392000 -38.876000 -11.711000 1
147296 -33.381000 -41.503000 -19.110000 1
149337 -40.444000 -41.474000 -9.829000 1
149859 -39.264000 -44.000000 -11.163000 1
151112 -34.851000 -42.476000 -18.884000 1
151907 -32.648000 -40.605000 -14.061000 1
152616 -34.546000 -42.344000 -17.509000 1
154654 -41.427000 -38.341000 -9.197000 1
156199 -37.065000 -41.700000 -12.907000 1
156348 -36.422000 -39.120000 -11.239000 1
156877 -36.909000 -41.954000 -13.769000 1
158345 -36.498000 -42.486000 -18.576000 1
159498 -34.084000 -40.774000 -12.830000 1
159758 -39.834000 -42.247000 -11.010000 1
