# Freesurfer label: sub-05 rnd4 tmax2 day3PF unionROI
221
36188 -37.664000 -37.388000 -11.377000 1
36189 -39.059000 -37.346000 -11.164000 1
36190 -40.592000 -37.470000 -11.020000 1
36191 -41.078000 -37.435000 -10.720000 1
36208 -34.096000 -37.529000 -12.246000 1
36209 -34.965000 -37.421000 -12.322000 1
36210 -35.862000 -37.265000 -12.241000 1
36211 -36.859000 -36.977000 -12.245000 1
37253 -38.116000 -36.739000 -11.926000 1
37254 -39.689000 -36.813000 -11.817000 1
37255 -40.970000 -37.112000 -11.780000 1
37256 -41.140000 -36.886000 -11.574000 1
37275 -35.388000 -36.790000 -12.846000 1
37276 -36.235000 -36.658000 -13.298000 1
37277 -37.265000 -36.640000 -13.126000 1
37278 -38.607000 -36.455000 -12.813000 1
37279 -40.190000 -36.513000 -12.729000 1
37298 -35.828000 -36.329000 -13.542000 1
37299 -36.818000 -36.496000 -14.075000 1
37300 -37.700000 -36.542000 -14.163000 1
37301 -38.554000 -36.446000 -14.782000 1
37302 -39.686000 -36.239000 -14.761000 1
37319 -36.453000 -36.306000 -14.230000 1
37320 -36.995000 -36.343000 -14.851000 1
37321 -37.589000 -36.450000 -15.121000 1
37322 -38.784000 -36.425000 -15.652000 1
37323 -39.575000 -36.222000 -15.789000 1
37336 -37.332000 -36.249000 -15.438000 1
37337 -37.929000 -36.344000 -15.779000 1
37338 -38.666000 -36.195000 -16.475000 1
37339 -39.490000 -36.100000 -16.771000 1
38379 -32.473000 -35.874000 -12.512000 1
38380 -33.205000 -35.532000 -12.246000 1
38381 -33.971000 -35.397000 -12.289000 1
38382 -35.106000 -36.238000 -12.901000 1
38383 -41.409000 -36.270000 -12.759000 1
38405 -36.205000 -36.038000 -14.206000 1
38422 -36.674000 -36.129000 -14.745000 1
38423 -36.991000 -36.112000 -15.255000 1
38440 -37.422000 -36.123000 -15.792000 1
38441 -37.978000 -36.078000 -16.299000 1
38455 -38.677000 -35.918000 -16.711000 1
38456 -39.063000 -36.038000 -17.052000 1
38457 -39.624000 -35.710000 -17.240000 1
38458 -41.330000 -35.574000 -17.027000 1
38459 -42.249000 -35.363000 -17.138000 1
38470 -40.408000 -35.443000 -17.697000 1
38471 -41.278000 -35.360000 -18.111000 1
38472 -42.144000 -35.195000 -17.970000 1
38484 -41.683000 -35.088000 -18.789000 1
39505 -32.756000 -34.056000 -12.353000 1
39508 -35.287000 -34.520000 -12.442000 1
39509 -36.017000 -34.811000 -13.085000 1
39523 -35.626000 -35.671000 -13.284000 1
39524 -36.303000 -35.377000 -13.901000 1
39525 -36.940000 -34.897000 -14.309000 1
39543 -36.645000 -35.824000 -14.735000 1
39544 -37.269000 -35.555000 -15.263000 1
39545 -37.953000 -34.967000 -15.587000 1
39557 -37.693000 -35.771000 -15.956000 1
39558 -38.230000 -35.551000 -16.303000 1
39559 -38.867000 -35.228000 -16.730000 1
39571 -39.309000 -35.650000 -17.139000 1
39572 -40.027000 -35.284000 -17.786000 1
39574 -43.253000 -34.534000 -17.734000 1
39587 -40.651000 -35.185000 -18.389000 1
39588 -41.055000 -35.160000 -18.870000 1
39589 -42.572000 -34.899000 -18.364000 1
39590 -43.217000 -34.565000 -18.802000 1
39602 -40.926000 -35.076000 -18.869000 1
39603 -41.498000 -34.928000 -19.156000 1
39604 -42.305000 -34.695000 -19.296000 1
39605 -43.085000 -34.565000 -19.842000 1
39617 -42.198000 -34.542000 -19.445000 1
39618 -42.616000 -34.493000 -19.936000 1
39619 -42.940000 -34.414000 -20.586000 1
40603 -32.981000 -33.356000 -12.267000 1
40604 -34.485000 -33.674000 -11.896000 1
40605 -35.440000 -33.379000 -12.034000 1
40606 -36.107000 -33.899000 -12.596000 1
40622 -36.626000 -34.325000 -13.358000 1
40623 -37.414000 -33.629000 -13.640000 1
40624 -38.060000 -33.363000 -14.197000 1
40639 -37.692000 -34.363000 -14.663000 1
40640 -38.503000 -33.716000 -14.969000 1
40641 -39.179000 -33.511000 -15.597000 1
40654 -38.641000 -34.574000 -15.955000 1
40655 -39.210000 -34.305000 -16.337000 1
40670 -39.623000 -34.675000 -17.114000 1
40671 -40.340000 -34.590000 -17.833000 1
40686 -40.843000 -34.609000 -18.504000 1
40687 -41.411000 -33.722000 -18.458000 1
40702 -41.557000 -34.649000 -19.070000 1
40703 -42.201000 -34.160000 -19.641000 1
40704 -43.517000 -34.313000 -19.481000 1
40705 -43.923000 -33.904000 -19.516000 1
40715 -42.645000 -34.296000 -20.196000 1
40716 -43.534000 -34.237000 -20.415000 1
40728 -42.898000 -34.146000 -20.955000 1
40729 -43.327000 -33.975000 -21.408000 1
40730 -43.827000 -33.465000 -22.135000 1
40743 -43.784000 -33.402000 -22.129000 1
41694 -34.830000 -31.808000 -11.622000 1
41711 -33.988000 -32.027000 -11.845000 1
41712 -34.663000 -32.695000 -11.737000 1
41713 -36.170000 -33.050000 -12.240000 1
41714 -36.619000 -32.300000 -12.246000 1
41731 -33.041000 -31.938000 -13.144000 1
41732 -36.786000 -33.294000 -12.779000 1
41753 -39.117000 -32.603000 -14.853000 1
41765 -39.631000 -32.493000 -15.509000 1
41766 -40.159000 -32.409000 -16.112000 1
41776 -39.689000 -33.437000 -16.256000 1
41777 -40.358000 -33.377000 -16.908000 1
41778 -40.900000 -32.624000 -17.101000 1
41780 -43.848000 -32.542000 -17.271000 1
41793 -40.911000 -33.593000 -17.707000 1
41794 -41.456000 -32.483000 -17.684000 1
41795 -43.784000 -33.335000 -17.605000 1
41796 -44.115000 -32.814000 -17.975000 1
41807 -41.939000 -32.834000 -18.546000 1
41808 -42.380000 -33.122000 -19.489000 1
41820 -42.638000 -33.850000 -20.621000 1
41821 -43.008000 -32.920000 -20.964000 1
41822 -44.321000 -33.538000 -20.091000 1
41831 -43.257000 -33.754000 -21.444000 1
41832 -43.641000 -33.161000 -22.111000 1
41846 -43.887000 -33.002000 -22.840000 1
41847 -44.042000 -33.117000 -22.810000 1
41857 -44.008000 -32.866000 -23.136000 1
41858 -44.291000 -32.642000 -23.291000 1
42807 -34.899000 -31.026000 -11.573000 1
42808 -35.649000 -31.446000 -11.682000 1
42809 -35.982000 -30.889000 -11.706000 1
42830 -33.585000 -31.393000 -12.470000 1
42831 -34.234000 -31.252000 -11.853000 1
42832 -35.665000 -32.372000 -11.815000 1
42852 -33.360000 -31.136000 -13.332000 1
42872 -33.156000 -31.519000 -14.604000 1
42873 -38.952000 -31.708000 -14.299000 1
42874 -39.511000 -31.643000 -14.895000 1
42888 -33.315000 -31.529000 -15.478000 1
42889 -40.035000 -31.566000 -15.516000 1
42890 -40.540000 -31.512000 -16.128000 1
42903 -40.619000 -32.263000 -16.581000 1
42904 -41.123000 -31.602000 -16.814000 1
42906 -44.168000 -31.854000 -17.439000 1
42918 -41.746000 -31.282000 -17.473000 1
42919 -42.300000 -31.133000 -18.068000 1
42920 -44.483000 -32.125000 -18.257000 1
42932 -42.030000 -31.922000 -18.012000 1
42933 -42.385000 -31.991000 -18.681000 1
42935 -45.083000 -31.643000 -19.409000 1
42948 -42.744000 -32.008000 -19.526000 1
42949 -43.150000 -32.096000 -20.466000 1
42950 -44.819000 -32.631000 -20.174000 1
42951 -45.251000 -31.833000 -20.376000 1
42975 -43.742000 -32.577000 -22.730000 1
42976 -43.957000 -31.904000 -23.125000 1
42987 -43.925000 -32.650000 -23.198000 1
42988 -44.207000 -32.432000 -23.372000 1
43901 -34.411000 -30.523000 -11.849000 1
43919 -33.666000 -30.605000 -12.839000 1
43943 -33.552000 -30.450000 -13.612000 1
43944 -33.783000 -29.864000 -13.139000 1
43962 -33.555000 -30.292000 -14.406000 1
43964 -39.321000 -30.864000 -14.379000 1
43976 -33.694000 -30.108000 -15.210000 1
43978 -39.877000 -30.771000 -15.002000 1
43979 -40.414000 -30.741000 -15.616000 1
43993 -40.926000 -30.713000 -16.226000 1
43994 -41.499000 -30.553000 -16.832000 1
44007 -42.143000 -30.263000 -17.518000 1
44008 -42.584000 -30.435000 -18.223000 1
44009 -44.614000 -31.089000 -17.761000 1
44010 -45.072000 -30.486000 -18.145000 1
44022 -44.876000 -31.388000 -18.571000 1
44023 -45.338000 -30.650000 -18.891000 1
44032 -43.190000 -31.094000 -19.606000 1
44034 -45.420000 -31.024000 -19.716000 1
44959 -33.678000 -29.849000 -13.876000 1
44976 -33.765000 -29.578000 -14.549000 1
45007 -41.254000 -29.911000 -16.246000 1
45008 -41.786000 -29.691000 -16.819000 1
45011 -45.157000 -29.231000 -16.975000 1
45025 -44.852000 -30.029000 -17.405000 1
45038 -45.604000 -29.828000 -18.706000 1
45039 -45.870000 -29.166000 -18.307000 1
45051 -45.778000 -30.204000 -19.668000 1
45052 -46.114000 -29.330000 -19.116000 1
45083 -44.569000 -30.579000 -22.707000 1
46129 -47.096000 -29.091000 -20.533000 1
132292 -34.794000 -35.439000 -12.571000 1
133935 -46.422000 -29.539000 -20.113000 1
134283 -40.767000 -30.101000 -15.771000 1
134370 -33.514000 -33.854000 -12.019000 1
134604 -32.597000 -34.926000 -12.441000 1
134647 -33.624000 -32.903000 -11.950000 1
137250 -45.371000 -29.710000 -17.968000 1
137950 -42.734000 -31.114000 -18.771000 1
139460 -33.954000 -30.766000 -12.263000 1
140204 -39.858000 -36.252000 -13.792000 1
140262 -33.769000 -36.134000 -12.405000 1
141557 -42.784000 -32.896000 -20.273000 1
141976 -33.111000 -36.239000 -12.261000 1
142436 -41.887000 -33.790000 -19.101000 1
143139 -33.381000 -32.176000 -12.367000 1
144419 -40.357000 -35.812000 -16.898000 1
145762 -36.679000 -37.456000 -11.631000 1
145921 -45.334000 -30.143000 -18.404000 1
148316 -38.950000 -36.355000 -13.632000 1
148568 -35.441000 -30.798000 -11.580000 1
148667 -41.105000 -36.600000 -12.340000 1
148971 -42.852000 -34.984000 -17.367000 1
149276 -40.531000 -35.092000 -18.382000 1
149821 -33.417000 -30.845000 -14.976000 1
153275 -34.413000 -36.018000 -12.600000 1
154462 -33.354000 -30.959000 -14.141000 1
154531 -33.133000 -31.519000 -13.860000 1
155444 -34.468000 -36.746000 -12.558000 1
156485 -36.144000 -31.870000 -11.872000 1
