# Freesurfer label: sub-05 rnd3 tmax2 day1VB unionROI
167
56932 -38.133000 -16.891000 -16.480000 1
56947 -38.473000 -16.951000 -17.320000 1
56959 -38.897000 -16.921000 -18.247000 1
56960 -39.383000 -16.804000 -19.250000 1
57964 -37.923000 -16.194000 -15.383000 1
57974 -38.243000 -16.181000 -16.144000 1
57975 -38.470000 -16.207000 -16.958000 1
57985 -38.727000 -16.231000 -17.852000 1
57997 -39.077000 -16.214000 -18.773000 1
57998 -39.386000 -16.160000 -19.716000 1
58013 -39.010000 -15.718000 -19.274000 1
58014 -39.228000 -15.725000 -20.157000 1
58024 -38.930000 -15.712000 -21.474000 1
58025 -39.573000 -15.890000 -21.073000 1
58933 -37.918000 -15.297000 -14.979000 1
58947 -38.169000 -15.596000 -15.794000 1
58957 -38.329000 -15.445000 -16.603000 1
58958 -38.528000 -15.569000 -17.531000 1
58965 -38.292000 -15.004000 -17.298000 1
58975 -38.099000 -14.871000 -19.107000 1
58976 -38.753000 -15.654000 -18.409000 1
58989 -37.927000 -14.854000 -20.043000 1
58990 -38.645000 -15.323000 -19.710000 1
58995 -38.105000 -15.349000 -20.785000 1
58996 -38.787000 -15.471000 -20.607000 1
59889 -37.694000 -14.404000 -14.612000 1
59901 -37.797000 -14.386000 -15.428000 1
59912 -37.785000 -14.350000 -16.144000 1
59920 -37.829000 -14.483000 -17.556000 1
59921 -38.336000 -15.007000 -18.167000 1
59932 -37.668000 -14.388000 -18.480000 1
59947 -36.979000 -14.132000 -20.168000 1
59948 -37.403000 -14.275000 -19.358000 1
60965 -37.538000 -13.516000 -12.866000 1
60971 -37.431000 -13.176000 -13.713000 1
60979 -37.494000 -13.707000 -14.262000 1
60991 -36.936000 -12.924000 -15.596000 1
61004 -36.991000 -13.315000 -16.404000 1
61005 -37.382000 -13.971000 -16.831000 1
61013 -36.884000 -13.151000 -17.248000 1
61014 -37.201000 -13.764000 -17.926000 1
61023 -36.910000 -13.058000 -18.619000 1
61024 -37.200000 -13.803000 -18.805000 1
61035 -36.878000 -13.370000 -19.600000 1
61973 -37.657000 -12.741000 -12.151000 1
61984 -37.615000 -11.860000 -12.457000 1
61985 -38.128000 -11.957000 -11.447000 1
61991 -37.272000 -12.491000 -13.785000 1
62001 -37.169000 -12.873000 -14.513000 1
62021 -36.731000 -12.598000 -16.528000 1
62030 -36.765000 -12.625000 -17.919000 1
62038 -36.673000 -12.403000 -19.430000 1
62047 -36.478000 -12.547000 -20.349000 1
62919 -38.651000 -11.097000 -11.292000 1
62925 -37.604000 -11.047000 -12.863000 1
62926 -37.918000 -11.073000 -11.923000 1
62938 -36.853000 -11.198000 -14.717000 1
62939 -37.037000 -11.912000 -14.185000 1
62947 -36.665000 -11.380000 -15.426000 1
62948 -36.780000 -12.072000 -15.022000 1
62960 -36.581000 -11.796000 -16.832000 1
62970 -36.583000 -11.801000 -17.885000 1
62979 -36.556000 -11.632000 -19.028000 1
62991 -36.477000 -11.565000 -20.220000 1
63004 -36.150000 -11.852000 -20.911000 1
63857 -39.172000 -10.553000 -11.385000 1
63858 -39.900000 -10.481000 -11.391000 1
63866 -37.983000 -10.364000 -12.405000 1
63867 -38.560000 -10.426000 -11.761000 1
63868 -39.336000 -9.887000 -11.813000 1
63869 -40.288000 -9.926000 -11.902000 1
63875 -37.610000 -10.249000 -13.184000 1
63882 -37.279000 -10.937000 -13.844000 1
63891 -36.671000 -10.651000 -15.363000 1
63903 -36.558000 -11.035000 -16.224000 1
63926 -36.468000 -10.928000 -18.410000 1
63941 -36.498000 -10.854000 -19.580000 1
63957 -36.272000 -10.181000 -20.766000 1
64835 -38.129000 -9.662000 -12.778000 1
64836 -38.990000 -9.233000 -12.524000 1
64837 -39.957000 -9.355000 -12.374000 1
64838 -40.854000 -9.526000 -12.482000 1
64843 -37.697000 -9.500000 -13.466000 1
64844 -38.316000 -8.984000 -13.176000 1
64849 -36.998000 -10.231000 -14.596000 1
64850 -37.351000 -9.414000 -14.212000 1
64858 -36.664000 -9.360000 -15.783000 1
64859 -36.912000 -9.359000 -14.945000 1
64878 -36.476000 -9.255000 -18.350000 1
64885 -36.589000 -9.310000 -19.832000 1
65793 -39.023000 -8.664000 -13.101000 1
65794 -39.761000 -8.772000 -12.894000 1
65795 -40.465000 -8.963000 -12.819000 1
65800 -37.759000 -8.747000 -13.790000 1
65801 -38.543000 -8.219000 -13.612000 1
65802 -39.548000 -8.189000 -13.387000 1
65803 -40.478000 -8.323000 -13.299000 1
65804 -41.086000 -8.853000 -13.077000 1
65808 -37.345000 -8.571000 -14.601000 1
65809 -37.826000 -8.054000 -14.109000 1
65816 -36.908000 -8.644000 -15.365000 1
65828 -36.653000 -8.595000 -16.268000 1
65834 -36.536000 -8.526000 -17.402000 1
66826 -39.245000 -7.654000 -13.785000 1
66827 -40.178000 -7.625000 -13.811000 1
66828 -41.169000 -8.202000 -13.673000 1
66832 -37.575000 -7.653000 -14.802000 1
66833 -39.504000 -7.047000 -14.180000 1
66834 -40.365000 -6.937000 -14.414000 1
66843 -37.060000 -7.832000 -15.663000 1
66856 -36.708000 -7.753000 -16.721000 1
66857 -37.127000 -7.000000 -16.203000 1
66862 -36.628000 -7.695000 -17.856000 1
66870 -36.724000 -7.655000 -19.150000 1
67850 -38.025000 -6.772000 -14.911000 1
67851 -38.920000 -6.619000 -14.660000 1
67852 -40.486000 -6.211000 -15.046000 1
67853 -41.060000 -6.934000 -14.817000 1
67860 -37.780000 -6.285000 -15.758000 1
67861 -38.580000 -6.147000 -15.222000 1
67875 -36.801000 -6.952000 -17.228000 1
67876 -37.336000 -6.266000 -16.767000 1
67888 -37.019000 -6.270000 -17.781000 1
68863 -39.838000 -5.822000 -15.101000 1
68870 -37.848000 -5.539000 -16.471000 1
68871 -38.455000 -5.557000 -15.794000 1
68888 -38.486000 -4.945000 -16.397000 1
70046 -39.193000 -5.070000 -15.901000 1
134119 -39.831000 -5.262000 -15.558000 1
134157 -37.404000 -13.770000 -15.903000 1
134169 -37.466000 -12.610000 -13.085000 1
134381 -37.502000 -7.092000 -15.435000 1
136635 -36.473000 -10.112000 -19.018000 1
137006 -37.374000 -10.065000 -13.861000 1
137549 -37.455000 -13.668000 -15.062000 1
139491 -36.174000 -10.957000 -20.822000 1
139710 -36.734000 -6.941000 -18.355000 1
139718 -36.586000 -8.390000 -18.603000 1
140995 -36.493000 -9.484000 -16.887000 1
141199 -38.579000 -9.868000 -12.202000 1
141288 -36.451000 -10.184000 -17.765000 1
141329 -36.574000 -10.136000 -16.046000 1
141614 -37.375000 -11.812000 -13.385000 1
141685 -36.511000 -11.010000 -17.297000 1
142167 -39.203000 -5.645000 -15.390000 1
142412 -38.054000 -14.667000 -16.706000 1
143907 -39.766000 -6.396000 -14.648000 1
144773 -37.872000 -16.772000 -15.814000 1
146666 -36.540000 -10.131000 -20.158000 1
147271 -38.114000 -14.945000 -15.918000 1
147449 -36.491000 -10.363000 -16.817000 1
148128 -37.536000 -13.832000 -13.617000 1
148614 -38.450000 -7.373000 -14.215000 1
148950 -36.687000 -11.966000 -15.921000 1
150966 -39.276000 -6.112000 -14.977000 1
151066 -36.664000 -12.391000 -17.264000 1
151760 -36.712000 -9.948000 -15.322000 1
152604 -36.421000 -10.738000 -20.415000 1
152629 -40.946000 -7.550000 -14.110000 1
153281 -36.683000 -12.289000 -18.578000 1
155730 -38.615000 -15.315000 -18.921000 1
156222 -37.599000 -14.298000 -13.950000 1
156269 -36.586000 -8.838000 -19.173000 1
157125 -39.559000 -16.040000 -20.377000 1
157277 -36.927000 -13.147000 -17.938000 1
158101 -37.200000 -8.171000 -15.091000 1
158392 -40.750000 -7.896000 -13.694000 1
