# Stage2 ROI 2
176
25424 -47.092384 -48.665092 -20.325996 1
26579 -41.540859 -47.631920 -17.782059 1
26580 -46.307564 -47.368290 -18.615040 1
26581 -47.302071 -47.444843 -19.722397 1
26595 -47.722538 -47.266293 -20.974890 1
27702 -40.605068 -46.979435 -18.033255 1
27713 -41.055248 -47.042873 -18.020481 1
27714 -44.656460 -46.468082 -17.444605 1
27715 -45.960358 -46.329716 -18.170509 1
27716 -47.030903 -46.340923 -19.342657 1
27717 -47.860867 -46.308926 -20.407097 1
27731 -48.201733 -46.061459 -21.582073 1
28741 -42.417850 -45.566547 -10.044955 1
28742 -43.289841 -45.228184 -10.728705 1
28752 -41.013027 -46.255764 -11.061715 1
28753 -43.426357 -45.606270 -11.344600 1
28754 -44.116146 -44.897110 -11.341619 1
28758 -39.498455 -47.407333 -12.700863 1
28759 -40.673725 -46.914555 -12.127946 1
28760 -42.016262 -46.255768 -12.056978 1
28761 -43.989922 -45.663460 -12.159975 1
28762 -44.927082 -44.376915 -11.981991 1
28775 -40.838448 -47.096180 -13.336768 1
28776 -42.579430 -46.205448 -13.320074 1
28777 -44.241760 -45.888489 -13.216397 1
28778 -44.825432 -44.964836 -12.666960 1
28793 -41.762161 -46.945950 -14.374408 1
28794 -43.440762 -46.221405 -14.157539 1
28808 -42.382732 -46.576065 -15.736974 1
28809 -43.688904 -45.996212 -15.501646 1
28823 -41.386848 -46.580269 -17.023624 1
28824 -43.083908 -46.197689 -16.434904 1
28839 -41.507263 -46.648670 -17.461979 1
28849 -41.651733 -46.793007 -17.627760 1
28850 -42.850948 -46.527508 -17.356409 1
28851 -43.981155 -45.886501 -17.211136 1
28860 -41.860405 -46.872169 -17.674519 1
28861 -43.019783 -46.455791 -17.329281 1
28862 -44.192661 -45.884830 -17.299755 1
28863 -45.597904 -45.334244 -17.746645 1
28864 -46.825710 -44.926735 -19.025797 1
28865 -47.608864 -44.090607 -20.043598 1
28881 -47.779072 -43.457577 -21.041986 1
29781 -43.881218 -44.299923 -9.862082 1
29788 -44.842896 -44.116249 -10.470008 1
29789 -45.196747 -43.791649 -10.962007 1
29795 -45.191322 -43.031067 -11.837770 1
29807 -45.376656 -43.685001 -12.662464 1
29808 -45.547035 -43.128208 -13.680993 1
29819 -44.811348 -45.239220 -14.852709 1
29820 -45.399372 -44.380753 -14.258287 1
29821 -45.725677 -43.224747 -14.587377 1
29835 -45.053150 -44.882793 -15.685493 1
29836 -45.778458 -43.261223 -15.365155 1
29850 -42.898472 -46.262592 -17.063511 1
29851 -44.530354 -45.227386 -16.700287 1
29852 -45.693027 -43.583321 -16.102667 1
29863 -42.798237 -46.473656 -17.268862 1
29864 -44.084866 -45.640018 -17.078396 1
29865 -45.454079 -44.121666 -16.817225 1
29876 -43.725010 -46.018349 -17.200497 1
29877 -45.033283 -44.889809 -17.163254 1
29878 -46.856926 -42.258587 -18.371733 1
29879 -47.383778 -41.595375 -19.419441 1
29890 -45.207253 -44.899940 -17.405260 1
29891 -46.449337 -43.908592 -18.204187 1
29892 -47.265762 -43.152325 -19.218536 1
29893 -47.496075 -42.621399 -20.183254 1
29905 -47.505524 -42.359020 -21.055391 1
29920 -47.986073 -42.837635 -22.195023 1
30802 -43.523682 -41.434624 -11.056195 1
30803 -44.232334 -42.909225 -9.995528 1
30804 -44.632694 -43.162872 -10.378082 1
30808 -40.999012 -39.763008 -12.897882 1
30809 -42.763783 -40.563602 -11.936979 1
30810 -43.944996 -41.912800 -11.005255 1
30811 -44.854084 -42.754379 -11.039842 1
30820 -39.700470 -39.595112 -13.739255 1
30821 -41.732788 -39.821671 -12.880802 1
30822 -43.335690 -40.997337 -12.006763 1
30823 -44.172077 -41.502857 -12.300920 1
30833 -38.836857 -39.386734 -14.604666 1
30834 -40.207340 -39.554180 -13.916821 1
30835 -41.761818 -39.520885 -13.444637 1
30836 -43.669460 -40.572979 -13.242508 1
30850 -38.149883 -39.210659 -15.337704 1
30851 -39.305187 -39.346703 -15.003178 1
30852 -41.116638 -39.144615 -14.136854 1
30853 -43.105179 -39.516399 -14.051821 1
30854 -44.652088 -40.843941 -13.875322 1
30855 -45.560417 -41.987030 -14.409768 1
30874 -38.853981 -39.153584 -15.949062 1
30875 -45.774414 -41.909840 -15.082994 1
30888 -45.980011 -41.950726 -15.765676 1
30889 -45.630638 -40.357052 -16.250156 1
30907 -46.163246 -42.188911 -16.430861 1
30908 -46.120384 -40.455612 -17.036068 1
30909 -46.203411 -39.706333 -18.118900 1
30929 -46.148514 -42.805122 -17.052263 1
30930 -46.574070 -41.482407 -17.667095 1
30931 -46.826462 -40.653435 -18.701385 1
30932 -46.934280 -40.385700 -19.809181 1
30947 -47.373253 -41.395580 -20.373938 1
30962 -47.402248 -41.670486 -21.516373 1
30979 -46.819496 -41.017868 -23.255838 1
30980 -47.724060 -41.893444 -22.900585 1
31881 -41.980877 -40.251144 -12.274080 1
31894 -38.888561 -39.585232 -13.688496 1
31908 -38.273689 -39.175358 -14.413767 1
31922 -40.495064 -39.159706 -15.215872 1
31923 -42.199451 -38.971352 -14.866432 1
31924 -43.564617 -39.440811 -14.760537 1
31925 -44.877880 -40.514053 -14.847304 1
31941 -39.753860 -39.039310 -16.258408 1
31942 -42.409637 -38.806137 -15.640462 1
31943 -43.827259 -39.247066 -15.616112 1
31944 -45.218498 -40.336903 -15.600859 1
31958 -38.316410 -39.057285 -17.659370 1
31959 -39.428707 -38.881115 -17.174934 1
31960 -40.822491 -38.718346 -16.615595 1
31961 -42.607300 -38.496124 -16.511784 1
31962 -44.114582 -39.051189 -16.531435 1
31974 -39.052689 -39.052124 -18.146330 1
31975 -41.191795 -38.433346 -18.086523 1
31976 -42.725281 -38.394218 -17.320503 1
31977 -43.883209 -38.272373 -17.626287 1
31978 -45.117245 -38.986118 -17.860058 1
31990 -39.792912 -39.086170 -18.702074 1
31991 -40.510647 -38.607960 -19.181250 1
31992 -42.430195 -38.202194 -18.598141 1
31993 -44.034859 -38.198933 -18.709318 1
31994 -45.314312 -38.756664 -18.891230 1
31995 -46.251556 -39.464630 -19.264364 1
32002 -41.361767 -38.362709 -19.906128 1
32005 -45.462299 -38.807213 -19.938335 1
32006 -46.298290 -39.515175 -20.314764 1
32015 -45.181400 -38.930264 -21.689217 1
32016 -46.223259 -39.656704 -21.310919 1
32017 -46.944107 -40.548153 -20.780304 1
32031 -46.000023 -39.763584 -22.463301 1
32032 -46.834850 -40.892017 -21.978786 1
132829 -42.857677 -38.038708 -19.746052 1
135206 -45.092991 -42.117695 -12.846183 1
135825 -44.546631 -38.576672 -20.778700 1
136296 -38.209312 -39.220924 -15.758632 1
136596 -42.882759 -40.159836 -12.829696 1
136850 -46.151501 -43.418720 -17.524487 1
137120 -40.302650 -38.686897 -17.622021 1
138184 -48.178265 -44.928902 -20.977974 1
138386 -41.228882 -46.666241 -16.338858 1
139319 -45.585255 -38.975418 -20.805445 1
139506 -45.175823 -44.721478 -13.418952 1
140455 -44.603020 -48.429237 -17.365519 1
140456 -43.187737 -48.166065 -17.302277 1
141250 -45.596954 -48.395206 -18.079428 1
142645 -43.313713 -46.599293 -17.379274 1
143480 -43.883228 -47.512775 -17.200222 1
144348 -42.349339 -47.084690 -17.665304 1
144440 -45.103340 -47.538692 -17.515272 1
144636 -46.652821 -48.281872 -19.026781 1
144913 -48.386059 -44.904968 -22.195513 1
145639 -44.542244 -45.550381 -14.104627 1
148874 -42.811363 -46.727077 -14.881674 1
148983 -42.363037 -45.835136 -11.052362 1
149101 -42.197033 -46.786125 -17.580755 1
149474 -41.067978 -38.962753 -15.712164 1
151485 -43.791367 -45.975792 -14.724010 1
151930 -41.173561 -46.951183 -15.362229 1
152008 -41.454914 -38.530983 -17.230991 1
152778 -45.021530 -39.302181 -17.008039 1
152896 -39.716820 -39.775517 -13.168804 1
153413 -42.476669 -39.495609 -13.601114 1
154753 -45.493065 -44.190544 -14.949264 1
155487 -48.322186 -43.995586 -21.837364 1
155867 -47.678368 -45.359386 -19.951424 1
158926 -41.949841 -39.104610 -14.290256 1
