# Freesurfer label: sub-02 rnd5 tmax2 day2VA unionROI
141
20869 -49.523000 -44.998000 -24.740000 1
20870 -50.127000 -44.637000 -25.187000 1
20892 -49.706000 -44.661000 -25.339000 1
20893 -50.475000 -44.204000 -25.681000 1
21943 -49.700000 -44.147000 -23.854000 1
21960 -50.055000 -44.554000 -24.686000 1
21961 -50.701000 -44.114000 -25.383000 1
21977 -51.307000 -43.741000 -26.095000 1
21991 -50.054000 -44.067000 -26.077000 1
21992 -50.881000 -43.847000 -26.225000 1
21993 -51.386000 -43.337000 -26.702000 1
22005 -50.769000 -43.503000 -26.706000 1
23091 -49.290000 -43.279000 -23.131000 1
23108 -49.966000 -42.544000 -23.936000 1
23109 -50.852000 -41.899000 -24.689000 1
23120 -50.696000 -43.455000 -24.780000 1
23121 -51.403000 -42.617000 -25.419000 1
23133 -51.762000 -43.037000 -26.096000 1
23146 -49.953000 -43.339000 -26.672000 1
23147 -51.804000 -43.056000 -26.722000 1
23148 -52.078000 -42.458000 -27.307000 1
23165 -50.400000 -42.863000 -27.277000 1
23166 -51.278000 -42.976000 -27.358000 1
23167 -51.781000 -42.763000 -27.332000 1
23181 -50.932000 -42.455000 -28.028000 1
23182 -51.679000 -42.405000 -28.009000 1
23183 -52.047000 -42.204000 -27.975000 1
24366 -49.689000 -40.460000 -22.660000 1
24382 -50.485000 -40.208000 -23.652000 1
24401 -51.274000 -41.484000 -25.325000 1
24402 -51.768000 -42.121000 -25.978000 1
24412 -52.054000 -42.471000 -26.665000 1
24422 -49.836000 -42.127000 -27.861000 1
24423 -52.213000 -41.890000 -27.850000 1
24435 -49.204000 -41.494000 -28.559000 1
24436 -50.422000 -41.740000 -28.608000 1
24437 -51.423000 -41.880000 -28.629000 1
24438 -51.951000 -41.802000 -28.605000 1
24439 -52.101000 -41.578000 -28.516000 1
24448 -49.834000 -41.087000 -29.262000 1
24449 -51.001000 -41.348000 -29.252000 1
24450 -51.764000 -41.332000 -29.143000 1
24451 -52.082000 -41.243000 -29.062000 1
24452 -52.177000 -41.124000 -28.902000 1
25541 -49.537000 -40.081000 -21.735000 1
25559 -50.266000 -39.328000 -23.216000 1
25575 -50.458000 -39.776000 -23.902000 1
25576 -50.758000 -40.626000 -24.555000 1
25585 -50.514000 -40.250000 -24.612000 1
25586 -51.003000 -40.842000 -25.336000 1
25597 -51.280000 -41.000000 -26.229000 1
25608 -50.753000 -40.589000 -26.837000 1
25609 -51.629000 -41.020000 -27.152000 1
25616 -50.210000 -40.101000 -27.496000 1
25617 -51.214000 -40.457000 -27.778000 1
25618 -52.137000 -41.480000 -27.549000 1
25619 -52.172000 -41.289000 -28.356000 1
25626 -48.595000 -40.912000 -29.296000 1
25627 -51.679000 -40.278000 -28.711000 1
25628 -52.112000 -40.760000 -28.880000 1
25631 -48.182000 -40.576000 -30.062000 1
25632 -49.436000 -40.458000 -30.081000 1
25633 -51.081000 -41.090000 -29.600000 1
25634 -51.876000 -40.790000 -29.436000 1
25635 -52.032000 -40.764000 -29.288000 1
25638 -47.913000 -40.573000 -30.846000 1
25639 -48.802000 -40.186000 -30.774000 1
25640 -50.843000 -40.228000 -30.386000 1
25641 -51.642000 -40.292000 -29.942000 1
25642 -51.830000 -40.408000 -29.630000 1
25645 -48.523000 -40.340000 -31.634000 1
25653 -48.822000 -40.566000 -32.386000 1
26726 -49.554000 -38.797000 -22.830000 1
26727 -50.112000 -38.901000 -22.759000 1
26744 -49.607000 -39.144000 -23.435000 1
26745 -50.167000 -39.379000 -23.538000 1
26762 -49.497000 -39.587000 -24.201000 1
26763 -50.321000 -39.679000 -24.147000 1
26776 -48.800000 -39.901000 -25.158000 1
26777 -49.955000 -40.043000 -24.899000 1
26789 -49.767000 -40.254000 -26.669000 1
26807 -49.704000 -39.248000 -28.456000 1
26808 -51.423000 -39.598000 -29.284000 1
26812 -51.250000 -38.891000 -29.829000 1
26813 -51.874000 -39.863000 -29.345000 1
26815 -49.419000 -39.758000 -31.479000 1
26816 -50.533000 -39.575000 -31.239000 1
26817 -51.323000 -39.611000 -30.661000 1
26818 -51.627000 -39.777000 -30.123000 1
26819 -49.340000 -39.912000 -32.256000 1
26820 -50.219000 -39.401000 -32.114000 1
26821 -51.137000 -39.089000 -31.697000 1
26822 -51.459000 -39.016000 -31.149000 1
26832 -51.368000 -38.696000 -32.218000 1
27968 -47.884000 -38.592000 -28.391000 1
27969 -48.731000 -38.948000 -28.376000 1
27976 -51.623000 -39.502000 -29.900000 1
27979 -50.811000 -38.152000 -30.414000 1
27980 -51.498000 -38.842000 -30.650000 1
27985 -51.449000 -38.391000 -31.685000 1
29074 -49.736000 -37.813000 -29.997000 1
29079 -48.186000 -37.154000 -30.257000 1
29080 -49.142000 -37.274000 -30.399000 1
29089 -50.505000 -37.239000 -31.352000 1
30145 -46.633000 -36.615000 -30.753000 1
30146 -47.630000 -36.656000 -30.855000 1
30147 -48.617000 -36.713000 -30.921000 1
30156 -47.012000 -36.268000 -31.545000 1
30157 -48.109000 -36.231000 -31.712000 1
30158 -49.933000 -36.600000 -31.624000 1
30169 -48.923000 -35.915000 -32.291000 1
30170 -49.791000 -36.035000 -32.284000 1
31280 -47.370000 -35.754000 -32.273000 1
31281 -48.215000 -35.661000 -32.456000 1
31291 -48.943000 -35.269000 -32.976000 1
31292 -49.922000 -35.349000 -33.099000 1
31300 -49.601000 -34.572000 -33.682000 1
31301 -50.269000 -34.702000 -33.941000 1
130228 -49.489000 -38.663000 -28.980000 1
132042 -49.629000 -41.583000 -23.315000 1
134001 -50.224000 -38.439000 -29.607000 1
135190 -50.377000 -35.936000 -32.817000 1
135606 -49.139000 -36.407000 -31.624000 1
136902 -49.299000 -43.723000 -22.090000 1
137177 -50.143000 -38.973000 -23.141000 1
137288 -49.744000 -39.928000 -30.809000 1
140297 -52.004000 -40.857000 -28.085000 1
141148 -50.471000 -41.186000 -24.058000 1
142776 -48.620000 -39.467000 -23.881000 1
145177 -49.188000 -42.375000 -22.409000 1
146442 -49.777000 -39.642000 -27.936000 1
148686 -50.538000 -40.755000 -29.749000 1
148809 -51.456000 -41.404000 -25.889000 1
148896 -49.330000 -40.194000 -25.879000 1
149756 -52.228000 -42.046000 -27.207000 1
150153 -51.288000 -43.509000 -25.597000 1
150599 -50.161000 -39.202000 -22.599000 1
152477 -49.308000 -44.322000 -23.152000 1
153080 -49.424000 -35.645000 -32.637000 1
153650 -50.773000 -37.684000 -30.891000 1
154671 -50.438000 -40.518000 -25.759000 1
