# Freesurfer label: sub-02 rnd4 tmax1 day1VA unionROI
155
16624 -43.196000 -47.894000 -39.930000 1
17747 -43.883000 -47.618000 -39.547000 1
17748 -44.506000 -47.303000 -39.338000 1
17749 -45.157000 -47.048000 -39.205000 1
17757 -42.354000 -47.672000 -40.294000 1
17758 -43.579000 -47.199000 -39.715000 1
17759 -44.130000 -46.848000 -39.595000 1
18837 -45.684000 -46.750000 -38.943000 1
18842 -44.797000 -46.520000 -39.454000 1
18843 -45.316000 -46.370000 -39.253000 1
18844 -45.626000 -45.919000 -39.061000 1
19948 -46.301000 -45.420000 -37.250000 1
19953 -46.073000 -45.483000 -38.208000 1
19960 -45.634000 -45.021000 -39.171000 1
21002 -46.942000 -44.866000 -35.741000 1
21010 -46.390000 -44.409000 -36.691000 1
21014 -46.079000 -44.543000 -37.960000 1
21018 -45.893000 -44.720000 -38.763000 1
21021 -43.177000 -44.294000 -39.631000 1
21023 -45.730000 -44.136000 -39.105000 1
22077 -47.659000 -43.423000 -35.345000 1
22078 -49.715000 -44.023000 -35.739000 1
22085 -46.491000 -43.035000 -36.692000 1
22086 -42.637000 -43.382000 -38.343000 1
22087 -43.253000 -42.804000 -38.124000 1
22088 -46.193000 -43.482000 -37.852000 1
22090 -42.474000 -43.563000 -38.832000 1
22091 -43.048000 -43.217000 -38.787000 1
22092 -45.841000 -43.343000 -39.023000 1
22093 -45.981000 -43.790000 -38.683000 1
22094 -42.764000 -43.691000 -39.237000 1
22097 -45.488000 -43.735000 -39.273000 1
23260 -47.545000 -42.616000 -35.473000 1
23261 -48.241000 -42.734000 -35.314000 1
23262 -49.589000 -41.812000 -35.568000 1
23263 -51.381000 -42.210000 -35.650000 1
23266 -43.838000 -42.281000 -37.598000 1
23268 -46.980000 -42.115000 -36.029000 1
23269 -43.911000 -42.354000 -38.291000 1
23270 -44.383000 -41.623000 -37.378000 1
23271 -46.472000 -42.056000 -37.304000 1
23272 -43.822000 -42.841000 -38.783000 1
23274 -45.686000 -42.629000 -38.745000 1
23275 -46.071000 -42.921000 -38.543000 1
23277 -45.325000 -43.126000 -39.192000 1
24476 -48.952000 -41.304000 -32.773000 1
24484 -50.143000 -41.179000 -33.463000 1
24485 -51.327000 -41.513000 -34.157000 1
24486 -51.922000 -41.496000 -34.806000 1
24493 -51.887000 -41.317000 -35.074000 1
24500 -48.183000 -41.889000 -35.406000 1
24501 -49.007000 -41.111000 -35.486000 1
24502 -50.296000 -41.176000 -35.598000 1
24503 -51.296000 -41.359000 -35.522000 1
24504 -51.707000 -41.109000 -35.226000 1
24505 -44.637000 -40.819000 -37.044000 1
24506 -46.703000 -41.461000 -36.806000 1
24507 -47.288000 -41.267000 -35.982000 1
24508 -44.896000 -41.374000 -37.711000 1
24509 -45.580000 -41.390000 -37.765000 1
24510 -46.245000 -41.393000 -37.515000 1
24511 -45.264000 -41.933000 -38.283000 1
24512 -46.057000 -42.072000 -38.173000 1
25654 -49.607000 -40.479000 -32.887000 1
25660 -50.642000 -40.307000 -33.484000 1
25661 -51.476000 -40.251000 -34.042000 1
25662 -51.628000 -40.080000 -34.496000 1
25670 -51.787000 -40.603000 -34.966000 1
25676 -48.448000 -40.385000 -35.517000 1
25677 -49.704000 -40.427000 -35.481000 1
25678 -50.880000 -40.559000 -35.528000 1
25679 -51.447000 -40.695000 -35.339000 1
25680 -51.606000 -40.353000 -35.129000 1
25681 -44.980000 -40.046000 -36.864000 1
25682 -45.709000 -40.124000 -36.985000 1
25683 -46.536000 -40.757000 -36.826000 1
25684 -47.379000 -40.476000 -35.900000 1
25685 -45.211000 -40.738000 -37.336000 1
25686 -45.854000 -40.832000 -37.425000 1
26830 -50.296000 -39.756000 -32.878000 1
26831 -51.059000 -39.121000 -32.699000 1
26845 -51.299000 -39.619000 -33.653000 1
26857 -46.670000 -39.029000 -36.033000 1
26858 -47.660000 -39.733000 -35.704000 1
26859 -49.077000 -39.610000 -35.413000 1
26860 -50.193000 -39.067000 -35.346000 1
26861 -51.151000 -39.877000 -35.341000 1
26864 -45.265000 -39.453000 -36.649000 1
26865 -45.916000 -39.441000 -36.612000 1
26866 -46.608000 -39.915000 -36.397000 1
28016 -45.446000 -38.362000 -36.196000 1
28017 -46.210000 -38.070000 -36.096000 1
28018 -47.318000 -38.202000 -35.593000 1
28019 -49.090000 -38.804000 -35.334000 1
28020 -51.129000 -38.679000 -34.914000 1
28021 -45.186000 -38.975000 -36.380000 1
28022 -45.682000 -38.872000 -36.415000 1
29120 -51.027000 -37.882000 -34.573000 1
29122 -45.772000 -37.565000 -35.959000 1
29123 -46.378000 -37.115000 -35.765000 1
29124 -47.944000 -37.426000 -35.416000 1
29125 -49.574000 -36.661000 -35.275000 1
29126 -49.919000 -37.605000 -35.102000 1
29127 -50.541000 -37.951000 -34.865000 1
30183 -50.413000 -35.515000 -35.017000 1
30186 -46.635000 -36.185000 -35.598000 1
30187 -48.183000 -35.757000 -35.526000 1
30188 -49.221000 -35.763000 -35.495000 1
31311 -47.412000 -35.265000 -35.583000 1
31312 -48.110000 -34.320000 -35.683000 1
31313 -48.973000 -34.411000 -35.697000 1
31314 -49.621000 -34.819000 -35.547000 1
32465 -50.112000 -33.973000 -35.189000 1
32470 -49.428000 -33.892000 -35.567000 1
32471 -49.938000 -34.236000 -35.388000 1
130588 -51.427000 -38.832000 -33.253000 1
130683 -51.657000 -41.731000 -35.393000 1
132218 -46.806000 -43.849000 -35.746000 1
132357 -47.431000 -44.306000 -35.419000 1
132795 -48.494000 -38.182000 -35.337000 1
133198 -50.074000 -43.088000 -35.795000 1
133302 -48.025000 -38.934000 -35.517000 1
133743 -48.424000 -44.216000 -35.360000 1
134570 -50.754000 -41.956000 -35.708000 1
135214 -50.547000 -36.730000 -34.797000 1
136299 -46.388000 -46.257000 -37.683000 1
136954 -49.572000 -38.231000 -35.220000 1
137735 -50.954000 -38.900000 -35.201000 1
138619 -50.911000 -42.722000 -35.863000 1
139860 -48.049000 -41.015000 -35.535000 1
140610 -51.151000 -40.765000 -33.922000 1
140932 -48.875000 -43.324000 -35.420000 1
140971 -51.741000 -40.802000 -34.602000 1
141402 -47.396000 -36.643000 -35.522000 1
141749 -50.052000 -35.846000 -35.296000 1
144998 -49.043000 -37.440000 -35.245000 1
146027 -44.421000 -41.887000 -38.098000 1
146057 -46.959000 -37.481000 -35.628000 1
146855 -42.832000 -43.291000 -37.704000 1
149043 -49.179000 -42.517000 -35.474000 1
149180 -46.962000 -42.995000 -35.711000 1
149335 -48.939000 -35.115000 -35.622000 1
149555 -50.122000 -34.938000 -35.333000 1
149890 -45.844000 -45.497000 -38.814000 1
150448 -50.323000 -39.898000 -35.430000 1
150569 -48.577000 -36.594000 -35.397000 1
151265 -50.764000 -36.071000 -34.565000 1
151401 -50.314000 -38.358000 -35.136000 1
151455 -50.301000 -34.623000 -35.119000 1
151701 -47.373000 -35.968000 -35.540000 1
151816 -50.215000 -42.410000 -35.738000 1
152540 -50.065000 -36.998000 -35.052000 1
154004 -51.772000 -41.479000 -35.239000 1
154928 -48.355000 -34.967000 -35.612000 1
155216 -46.281000 -42.633000 -37.859000 1
