# Freesurfer label: sub-02 rnd2 tmax2 day2VA unionROI
129
43402 -39.583000 -24.121000 -22.970000 1
43403 -40.275000 -24.374000 -22.259000 1
44503 -40.290000 -23.535000 -22.594000 1
44516 -39.351000 -22.929000 -24.027000 1
44517 -39.722000 -23.192000 -23.262000 1
45627 -39.737000 -22.362000 -23.622000 1
45628 -40.468000 -22.596000 -23.015000 1
45629 -41.496000 -22.503000 -22.824000 1
45646 -39.425000 -22.141000 -24.398000 1
46729 -39.740000 -21.691000 -23.934000 1
46730 -40.238000 -21.725000 -23.514000 1
46731 -41.057000 -21.808000 -23.244000 1
46732 -42.117000 -21.910000 -23.286000 1
46748 -39.488000 -21.325000 -24.566000 1
46749 -39.967000 -20.993000 -23.950000 1
46750 -42.924000 -21.631000 -23.903000 1
46762 -39.148000 -21.085000 -25.348000 1
46763 -43.898000 -22.177000 -25.274000 1
46777 -37.859000 -20.623000 -26.201000 1
46778 -38.670000 -20.905000 -25.804000 1
46779 -44.165000 -22.164000 -25.965000 1
46792 -44.352000 -22.160000 -26.730000 1
46793 -44.877000 -22.670000 -27.479000 1
46805 -36.696000 -22.240000 -30.156000 1
46813 -39.024000 -22.433000 -31.305000 1
46822 -40.535000 -22.325000 -31.692000 1
46823 -41.339000 -22.424000 -32.425000 1
47802 -40.713000 -20.986000 -23.602000 1
47803 -41.483000 -21.201000 -23.489000 1
47804 -42.129000 -21.126000 -23.641000 1
47815 -40.421000 -20.163000 -24.037000 1
47816 -41.491000 -20.348000 -23.813000 1
47817 -42.496000 -20.697000 -24.138000 1
47818 -43.284000 -21.467000 -24.671000 1
47826 -38.824000 -19.471000 -25.844000 1
47827 -39.447000 -19.656000 -25.287000 1
47828 -40.111000 -19.473000 -24.782000 1
47829 -42.867000 -20.396000 -24.910000 1
47830 -43.567000 -21.319000 -25.456000 1
47840 -36.354000 -20.744000 -27.026000 1
47841 -37.093000 -20.064000 -26.975000 1
47842 -38.317000 -20.009000 -25.987000 1
47843 -39.049000 -20.231000 -25.510000 1
47844 -43.806000 -21.270000 -26.244000 1
47859 -35.609000 -21.373000 -27.945000 1
47860 -36.548000 -20.703000 -27.645000 1
47861 -44.353000 -21.750000 -27.543000 1
47862 -44.680000 -22.277000 -28.133000 1
47870 -36.025000 -21.546000 -28.793000 1
47871 -36.993000 -20.700000 -28.374000 1
47872 -37.787000 -20.676000 -28.899000 1
47873 -44.410000 -21.054000 -28.402000 1
47881 -36.891000 -21.818000 -29.550000 1
47882 -38.158000 -21.898000 -30.011000 1
47883 -39.467000 -21.480000 -30.274000 1
47891 -38.884000 -22.288000 -30.782000 1
47892 -39.724000 -22.326000 -31.094000 1
47893 -40.662000 -21.651000 -30.789000 1
47894 -45.347000 -21.308000 -31.885000 1
47904 -41.413000 -22.068000 -31.612000 1
47905 -42.669000 -22.088000 -32.566000 1
47907 -44.617000 -21.188000 -32.451000 1
48936 -41.086000 -19.421000 -24.390000 1
48937 -42.069000 -19.658000 -24.404000 1
48944 -40.629000 -18.811000 -25.139000 1
48945 -41.650000 -18.811000 -24.930000 1
48946 -42.528000 -19.322000 -25.222000 1
48947 -43.229000 -20.221000 -25.754000 1
48955 -37.873000 -19.588000 -26.842000 1
48956 -38.662000 -19.036000 -26.493000 1
48957 -42.930000 -19.180000 -26.172000 1
48958 -43.548000 -20.152000 -26.651000 1
48971 -37.413000 -19.973000 -27.469000 1
48972 -38.303000 -19.323000 -27.340000 1
48973 -39.161000 -18.800000 -27.569000 1
48974 -43.950000 -20.176000 -27.656000 1
48981 -37.762000 -19.943000 -28.046000 1
48982 -38.492000 -19.622000 -28.269000 1
48983 -39.375000 -19.309000 -28.553000 1
48984 -39.800000 -19.985000 -29.427000 1
48985 -44.056000 -19.599000 -28.845000 1
48986 -44.546000 -20.426000 -29.424000 1
48993 -38.800000 -20.422000 -29.251000 1
48994 -40.359000 -20.577000 -30.061000 1
48995 -41.222000 -20.093000 -30.216000 1
48996 -43.909000 -19.427000 -29.986000 1
48997 -44.588000 -20.198000 -30.463000 1
49006 -41.820000 -20.809000 -30.913000 1
49007 -42.856000 -19.991000 -31.084000 1
49008 -43.785000 -19.893000 -31.044000 1
49009 -44.612000 -20.581000 -31.391000 1
49019 -42.357000 -21.459000 -31.682000 1
50191 -40.229000 -18.427000 -25.839000 1
50192 -41.139000 -18.304000 -25.685000 1
50200 -38.841000 -18.789000 -26.961000 1
50201 -39.514000 -18.504000 -26.588000 1
50202 -40.568000 -18.100000 -26.512000 1
50203 -41.590000 -17.983000 -26.512000 1
50204 -42.505000 -18.330000 -26.737000 1
50214 -40.085000 -18.246000 -27.363000 1
50215 -41.040000 -17.901000 -27.334000 1
50216 -42.754000 -18.263000 -27.711000 1
50217 -43.321000 -19.025000 -27.153000 1
50225 -40.211000 -18.908000 -28.796000 1
50226 -41.447000 -17.947000 -28.167000 1
50227 -42.720000 -18.254000 -28.707000 1
50228 -43.474000 -18.849000 -28.230000 1
50236 -40.677000 -19.382000 -29.561000 1
50237 -41.557000 -18.826000 -29.695000 1
50238 -42.459000 -18.550000 -29.649000 1
50239 -43.318000 -18.754000 -29.363000 1
50249 -42.208000 -19.392000 -30.345000 1
50250 -43.090000 -19.102000 -30.316000 1
51469 -41.959000 -17.847000 -27.416000 1
51482 -42.159000 -17.938000 -28.197000 1
128674 -40.588000 -18.221000 -28.132000 1
129968 -39.633000 -20.362000 -24.686000 1
131437 -42.114000 -18.471000 -25.748000 1
131551 -41.876000 -18.133000 -28.965000 1
133046 -41.929000 -22.305000 -32.272000 1
133785 -43.987000 -21.195000 -26.958000 1
134899 -37.669000 -19.899000 -26.490000 1
140173 -37.117000 -20.308000 -26.643000 1
141421 -41.029000 -18.432000 -28.937000 1
143367 -38.241000 -19.554000 -26.340000 1
146825 -39.559000 -18.932000 -25.649000 1
148750 -37.353000 -22.302000 -30.369000 1
152417 -37.795000 -21.232000 -26.185000 1
155275 -39.865000 -18.613000 -28.083000 1
