# stage2 FINAL aVWFA (Rnd6Tmax2day1VB)
64
52756 -46.3778 -17.2099 -37.2833 1
53887 -43.7953 -14.4194 -34.3427 1
53901 -44.5504 -15.3536 -34.7323 1
53902 -45.2199 -16.2596 -35.4652 1
53910 -46.0558 -16.1008 -37.2282 1
53911 -46.8617 -15.3989 -38.6375 1
53917 -47.6635 -16.6327 -38.7954 1
55039 -41.7400 -11.6456 -35.9764 1
55055 -43.3077 -12.9825 -34.5986 1
55056 -44.0307 -13.7940 -34.4557 1
55061 -44.1208 -14.2522 -34.3672 1
55062 -44.3780 -14.2213 -36.2975 1
55068 -44.9748 -14.4557 -37.0011 1
55069 -46.1801 -14.4133 -37.9138 1
55080 -47.5752 -14.5157 -38.8023 1
56227 -41.9465 -11.0386 -35.4854 1
56237 -40.8966 -10.9177 -34.9252 1
56238 -41.3007 -10.4174 -35.0112 1
56239 -43.4969 -12.4806 -34.8146 1
56240 -43.8807 -13.2263 -34.3203 1
56248 -43.9977 -13.1848 -34.9210 1
56260 -45.3594 -13.6230 -37.4480 1
56261 -46.7277 -13.6234 -38.7385 1
57396 -39.7351 -9.2930 -33.8671 1
57397 -40.4540 -9.2976 -34.1593 1
57398 -40.9582 -9.5761 -34.6727 1
57399 -41.7927 -10.3187 -35.7346 1
57400 -43.1650 -11.8884 -35.0133 1
57410 -43.4365 -11.4746 -36.3445 1
57420 -45.8658 -12.6275 -37.9659 1
57426 -47.5928 -12.6554 -38.8219 1
58449 -39.5332 -8.0828 -33.5617 1
58450 -39.7255 -7.9318 -33.5481 1
58452 -41.4682 -9.1187 -35.0203 1
58462 -42.6110 -10.1242 -35.6242 1
58463 -43.5439 -10.6347 -36.5926 1
58472 -45.0377 -11.3935 -37.1213 1
59483 -40.8619 -8.0123 -34.3616 1
59495 -40.8874 -7.4681 -34.3173 1
59496 -41.8140 -8.4069 -35.3516 1
59497 -43.1811 -9.3521 -36.5556 1
59506 -42.7943 -7.7812 -36.5680 1
59507 -45.0253 -8.9359 -37.1487 1
60616 -39.7675 -6.2360 -32.3968 1
60625 -40.1486 -6.4764 -34.0695 1
60632 -41.0506 -6.8731 -35.5626 1
60639 -42.2954 -6.3193 -36.9245 1
60640 -44.1064 -6.8623 -37.7435 1
61722 -41.8583 -5.4169 -35.6375 1
131897 -40.4685 -4.2568 -34.2201 1
134629 -41.5323 -9.7202 -34.9688 1
134761 -44.6010 -12.7158 -36.7416 1
134859 -48.2701 -15.5782 -39.4318 1
135685 -40.6248 -8.6993 -34.2624 1
136652 -45.8843 -10.4481 -38.1105 1
136929 -42.8722 -13.3706 -34.7009 1
137400 -44.2597 -13.7136 -36.8511 1
138859 -44.7160 -10.2871 -36.8498 1
142305 -45.7298 -15.0800 -37.3237 1
142943 -45.0815 -15.2565 -36.3046 1
144473 -42.4556 -10.6718 -35.1978 1
146105 -49.2364 -15.5413 -39.3350 1
150354 -40.5172 -5.7101 -34.5719 1
153260 -41.5570 -12.2944 -35.6876 1
