# Stage2 ROI 2
126
35685 -35.975956 -29.879284 -34.122616 1
36718 -35.019566 -28.846880 -33.241867 1
36719 -36.999172 -28.571419 -33.653755 1
36720 -37.423168 -29.179691 -33.462597 1
36730 -35.615952 -29.236897 -33.962364 1
36731 -36.580658 -29.101547 -33.965153 1
37706 -42.013527 -27.102005 -27.330887 1
37707 -42.490860 -26.663326 -26.989819 1
37719 -41.778980 -27.783936 -28.177177 1
37720 -41.812389 -27.407452 -27.582378 1
37749 -39.690578 -28.299799 -31.641510 1
37750 -40.728188 -28.303896 -31.005152 1
37759 -36.214314 -28.445147 -33.668594 1
37760 -37.014790 -28.029604 -33.292271 1
37761 -37.774025 -28.625250 -32.781948 1
37762 -38.686394 -28.494619 -32.187538 1
38773 -42.603809 -26.335882 -26.219936 1
38774 -42.827290 -26.187712 -25.598030 1
38791 -42.225563 -26.803404 -27.131783 1
38792 -42.679218 -26.507151 -26.569744 1
38793 -43.211903 -26.210686 -25.822842 1
38813 -41.439934 -26.748621 -29.970673 1
38822 -41.142693 -27.459051 -30.546692 1
38830 -33.611572 -27.356201 -30.571527 1
38831 -35.022018 -27.281952 -30.655325 1
38832 -36.278049 -27.023582 -31.350695 1
38833 -37.614853 -27.044388 -31.726751 1
38834 -38.991074 -27.847591 -31.837584 1
38838 -34.437248 -27.890423 -31.462233 1
38839 -35.839661 -27.671535 -32.264557 1
38840 -36.872932 -27.509121 -32.695007 1
39834 -43.045845 -25.978806 -25.095724 1
39850 -42.446896 -26.113111 -26.116922 1
39851 -42.688618 -26.073383 -25.458179 1
39874 -41.454903 -26.011869 -29.556421 1
39884 -33.572517 -26.252726 -29.166901 1
39885 -34.793030 -26.230301 -29.220524 1
39886 -35.843174 -26.099792 -29.823292 1
39887 -37.219769 -25.955746 -30.810621 1
39888 -38.885605 -25.428122 -31.546015 1
39889 -40.651546 -26.592142 -30.703062 1
39890 -41.026028 -26.046341 -30.316916 1
39896 -33.240055 -26.774124 -29.863482 1
39897 -34.278885 -26.812359 -29.896278 1
39898 -35.476349 -26.622499 -30.140968 1
39899 -36.772018 -26.458525 -30.973669 1
39900 -38.208233 -26.435101 -31.532503 1
39901 -39.261837 -26.391230 -31.527182 1
39902 -39.976391 -26.342396 -31.169008 1
41036 -42.657154 -25.867201 -25.380577 1
41037 -42.994911 -25.911320 -25.102005 1
41052 -42.507511 -25.889404 -25.922804 1
41053 -42.660923 -25.986330 -25.398836 1
41061 -42.330013 -25.796206 -26.872791 1
41068 -42.024723 -25.476139 -28.131088 1
41085 -35.512764 -25.655771 -29.513197 1
41086 -37.135372 -24.873007 -30.754509 1
41087 -41.579376 -25.236628 -29.371887 1
41101 -35.104515 -25.933575 -29.203869 1
41102 -36.290115 -25.755754 -30.010796 1
41103 -38.001308 -25.036789 -31.337494 1
41104 -39.761539 -25.144802 -31.293510 1
41105 -40.427670 -25.717762 -30.873859 1
41106 -41.103058 -25.146875 -30.442347 1
42224 -42.790661 -25.589621 -25.552082 1
42225 -43.006065 -25.786238 -25.162064 1
42239 -42.729916 -25.434904 -26.032728 1
42248 -42.653603 -25.212774 -26.842974 1
42277 -35.003452 -25.610224 -29.232613 1
42278 -36.041935 -24.891045 -30.122419 1
42279 -37.574516 -24.796076 -30.165838 1
42280 -39.245594 -24.539658 -30.044235 1
42281 -41.717819 -24.742661 -28.826487 1
42289 -38.504993 -25.070761 -30.717316 1
42290 -39.771748 -25.140833 -30.677750 1
42291 -40.395458 -25.029654 -30.680340 1
42292 -41.108833 -24.493059 -30.177582 1
43428 -42.616920 -24.852932 -26.692648 1
43438 -42.255421 -23.905249 -27.905832 1
43447 -38.040245 -24.141747 -29.518246 1
43448 -39.585117 -23.663567 -29.531549 1
43449 -40.800411 -23.501785 -29.386990 1
43450 -41.960815 -24.306789 -28.316895 1
43460 -40.429176 -24.859846 -30.162544 1
43461 -40.878048 -24.300610 -29.907740 1
43462 -41.397411 -23.971312 -29.403063 1
44527 -42.282894 -23.590275 -27.532745 1
44540 -41.819481 -23.098551 -28.136755 1
44556 -36.868259 -24.193701 -29.322620 1
44557 -38.458359 -23.476894 -29.029350 1
44558 -39.846718 -23.043854 -29.155817 1
44559 -40.816563 -22.922573 -28.712708 1
45664 -41.955727 -22.825134 -27.693043 1
45679 -35.762020 -24.503603 -29.748022 1
45680 -37.277245 -23.271185 -28.949432 1
45681 -38.688305 -22.730125 -28.820686 1
45682 -40.090897 -22.525995 -28.839796 1
45683 -41.022995 -22.533087 -28.214153 1
45695 -34.926426 -24.739540 -30.669943 1
46774 -36.204872 -24.138844 -29.673273 1
46775 -36.037361 -24.480328 -29.917027 1
46776 -37.920067 -22.189133 -28.347544 1
130638 -42.367153 -26.776402 -27.850492 1
130796 -41.876923 -26.060949 -28.483009 1
131898 -42.228180 -26.128555 -27.309267 1
132040 -42.339790 -24.996489 -27.775370 1
134516 -41.806343 -26.773146 -28.915039 1
135128 -38.719723 -27.214233 -31.668875 1
135332 -42.422070 -24.536388 -27.471594 1
135409 -35.443573 -28.184851 -32.823082 1
136338 -39.867645 -27.298254 -31.264616 1
140351 -41.748463 -27.567692 -29.492884 1
140570 -42.372837 -24.289248 -27.196640 1
141387 -42.034840 -27.359489 -28.290827 1
141849 -41.528511 -23.628370 -28.635109 1
142479 -37.193802 -23.705900 -29.178230 1
143399 -39.714928 -25.798796 -31.420650 1
145944 -36.998791 -23.588774 -29.181278 1
146641 -42.572842 -26.610504 -26.954531 1
147584 -40.384239 -24.178423 -29.788742 1
148114 -42.475735 -24.673048 -26.588037 1
148725 -39.105602 -25.289576 -31.239729 1
148852 -43.302597 -26.033211 -25.186684 1
150145 -37.962852 -27.825735 -32.421974 1
150912 -36.353550 -27.951956 -33.131107 1
152847 -42.238029 -27.058428 -27.474802 1
