# Stage2 ROI 1
129
43402 -42.877438 -25.116833 -26.078373 1
43403 -43.010754 -25.560162 -25.476332 1
44503 -42.928799 -25.284618 -25.830589 1
44516 -42.223396 -24.151756 -26.867853 1
44517 -42.491344 -24.748983 -26.314526 1
45627 -42.238388 -24.106133 -26.662683 1
45628 -42.627235 -24.855667 -26.088333 1
45629 -43.080639 -25.369825 -25.684481 1
45646 -42.162350 -23.387045 -27.120979 1
46729 -42.067253 -23.405289 -26.939339 1
46730 -42.189518 -23.985594 -26.600098 1
46731 -42.549824 -24.649914 -26.237217 1
46732 -42.969666 -25.219364 -25.831200 1
46748 -42.038403 -22.779993 -27.324797 1
46749 -42.041050 -23.031609 -27.034941 1
46750 -43.021412 -25.206142 -25.983212 1
46762 -41.291012 -22.333147 -27.817707 1
46763 -43.641823 -25.656780 -26.177820 1
46777 -39.221985 -21.777988 -28.267309 1
46778 -40.515198 -22.147600 -28.452160 1
46779 -43.530838 -25.433960 -26.646187 1
46792 -43.440918 -25.332561 -27.254543 1
46793 -44.581646 -25.898840 -27.655645 1
46805 -35.741333 -25.140076 -31.498941 1
46813 -38.221062 -25.361900 -32.362957 1
46822 -39.947803 -25.572033 -32.444958 1
46823 -40.658813 -25.438322 -33.646549 1
47802 -42.089104 -23.711561 -26.684484 1
47803 -42.433590 -24.357798 -26.364965 1
47804 -42.517521 -24.466036 -26.304678 1
47815 -42.000374 -22.657045 -27.105911 1
47816 -42.024624 -23.489864 -26.683861 1
47817 -42.317501 -24.135088 -26.473787 1
47818 -42.771835 -24.967461 -26.290886 1
47826 -40.534382 -21.648535 -28.012201 1
47827 -41.225822 -21.771126 -27.757853 1
47828 -41.699467 -22.008852 -27.585199 1
47829 -42.183002 -23.690756 -26.682503 1
47830 -42.664799 -24.658239 -26.619413 1
47840 -37.382259 -23.087023 -28.853371 1
47841 -38.169098 -22.336517 -28.489300 1
47842 -39.862751 -21.617516 -28.064901 1
47843 -40.799763 -21.899084 -27.888550 1
47844 -42.596455 -24.628284 -27.149282 1
47859 -35.881344 -24.595663 -30.054041 1
47860 -37.176334 -23.727436 -29.249056 1
47861 -43.134708 -24.988741 -28.015997 1
47862 -43.889664 -25.430220 -28.441910 1
47870 -36.022541 -24.857624 -30.258371 1
47871 -37.470951 -24.027145 -29.371965 1
47872 -38.222073 -23.830923 -29.343386 1
47873 -42.892426 -24.517628 -28.810875 1
47881 -36.610004 -24.920736 -30.550007 1
47882 -38.049625 -24.374027 -30.298275 1
47883 -39.496017 -24.252504 -30.154491 1
47891 -38.523418 -24.962416 -31.199646 1
47892 -39.249477 -25.390604 -31.699390 1
47893 -40.532391 -24.838926 -30.767593 1
47894 -44.891254 -24.817719 -32.529949 1
47904 -40.987179 -25.464054 -32.038795 1
47905 -42.099342 -25.386471 -33.553356 1
47907 -44.161194 -24.826822 -33.152603 1
48936 -41.944847 -22.425451 -27.242783 1
48937 -41.973854 -22.875303 -26.824467 1
48944 -41.657135 -21.862606 -27.667358 1
48945 -41.818680 -22.159817 -27.352039 1
48946 -41.897724 -22.403280 -27.007803 1
48947 -42.247120 -23.415024 -26.995571 1
48955 -39.173103 -21.818964 -28.312733 1
48956 -40.119179 -21.533882 -28.001665 1
48957 -41.927654 -22.278553 -27.372223 1
48958 -42.272846 -23.396420 -27.529558 1
48971 -38.379406 -22.950556 -28.922171 1
48972 -39.443871 -22.048210 -28.621378 1
48973 -40.179211 -21.754999 -28.235985 1
48974 -42.119080 -23.713808 -28.283236 1
48981 -38.567059 -23.129244 -29.014481 1
48982 -39.293648 -22.533298 -28.889547 1
48983 -40.026024 -22.277193 -28.826550 1
48984 -40.174316 -22.775848 -28.998354 1
48985 -42.351463 -23.099949 -29.049282 1
48986 -42.910397 -24.324230 -29.542101 1
48993 -39.196766 -23.411589 -29.366135 1
48994 -40.503510 -23.799461 -29.587992 1
48995 -41.172909 -23.918417 -29.666763 1
48996 -42.536037 -23.319630 -29.531282 1
48997 -43.203629 -24.398333 -30.368908 1
49006 -41.603306 -24.683920 -30.574800 1
49007 -42.358551 -24.359720 -30.485758 1
49008 -42.858185 -24.348400 -30.534395 1
49009 -43.861813 -24.553688 -31.531937 1
49019 -41.849205 -25.268776 -31.942499 1
50191 -41.330238 -21.600304 -27.881090 1
50192 -41.619316 -21.767202 -27.753332 1
50200 -40.145859 -21.694813 -28.076801 1
50201 -40.776672 -21.519989 -27.970522 1
50202 -41.321289 -21.583054 -28.024710 1
50203 -41.591602 -21.687361 -28.008089 1
50204 -41.701405 -21.859497 -27.985268 1
50214 -40.973549 -21.554274 -28.132566 1
50215 -41.439400 -21.590364 -28.239101 1
50216 -41.694138 -21.696915 -28.333780 1
50217 -41.714630 -22.478037 -28.081026 1
50225 -40.725464 -22.426689 -28.458685 1
50226 -41.740192 -21.384172 -28.342800 1
50227 -41.921982 -21.460367 -28.495207 1
50228 -41.848148 -22.305658 -28.587212 1
50236 -41.089153 -22.642138 -28.933756 1
50237 -41.770721 -22.205887 -28.836992 1
50238 -42.121464 -21.846357 -28.795408 1
50239 -42.199223 -22.115824 -28.919481 1
50249 -42.029037 -23.378313 -29.333317 1
50250 -42.426456 -22.998085 -29.314795 1
51469 -41.632690 -21.612066 -28.382269 1
51482 -41.703003 -21.403357 -28.314995 1
128674 -41.296364 -21.630543 -28.275700 1
129968 -41.735321 -22.270870 -27.528284 1
131437 -41.759300 -21.977646 -27.555172 1
131551 -41.816830 -21.322830 -28.366669 1
133046 -41.431416 -25.450697 -33.155155 1
133785 -42.603943 -24.528353 -27.646950 1
134899 -39.120399 -21.762680 -28.264145 1
140173 -38.264763 -22.143650 -28.378967 1
141421 -41.487694 -21.758753 -28.479551 1
143367 -39.820282 -21.616922 -28.071171 1
146825 -41.085896 -21.569492 -27.889643 1
148750 -36.602154 -25.219666 -31.309191 1
152417 -39.018795 -22.030817 -28.422344 1
155275 -40.660660 -21.931404 -28.273354 1
