# stage2 FINAL pVWFA (Rnd4Tmax1day1VA)
77
19948 -50.6716 -44.9121 -41.8448 1
19953 -50.1530 -44.9133 -42.9545 1
21002 -49.6194 -44.6715 -38.5624 1
21010 -49.6998 -43.9926 -40.0777 1
21014 -50.3317 -43.6421 -42.8876 1
21018 -49.8628 -43.7800 -44.0798 1
22077 -49.8904 -43.3546 -38.4262 1
22078 -50.6306 -44.1918 -38.8673 1
22085 -49.3627 -42.2696 -40.4346 1
22088 -49.7284 -42.5416 -42.3829 1
22093 -49.3345 -43.0855 -43.1723 1
23260 -49.8238 -42.2555 -38.7449 1
23261 -49.9214 -42.6340 -38.4911 1
23262 -50.9874 -41.2224 -39.1563 1
23263 -53.7565 -41.4472 -39.7768 1
23266 -42.2505 -40.1300 -39.2010 1
23268 -49.3175 -41.2641 -40.0286 1
23271 -48.5028 -41.0242 -41.1114 1
23274 -46.9904 -41.4128 -41.8262 1
23275 -48.4709 -41.9817 -42.1425 1
24500 -50.0992 -41.4172 -39.0758 1
24501 -50.5250 -40.3248 -38.9987 1
24502 -51.9170 -40.2928 -39.2218 1
24503 -53.7570 -40.4991 -39.4485 1
24504 -54.6151 -40.2384 -37.5408 1
24506 -48.6737 -40.3657 -40.5810 1
24507 -49.1896 -40.3045 -39.8982 1
24508 -44.4852 -39.3489 -40.5782 1
24510 -47.8288 -40.0901 -41.1687 1
25676 -49.9587 -39.5042 -39.0016 1
25677 -51.4683 -39.6263 -38.9246 1
25678 -52.9851 -39.7257 -38.9475 1
25679 -53.8058 -39.7537 -38.2512 1
25682 -46.0992 -38.5792 -40.1086 1
25683 -48.0030 -39.4318 -40.2787 1
25684 -48.8794 -39.5347 -39.5667 1
25685 -45.0560 -39.0192 -40.1513 1
25686 -46.6450 -39.2917 -40.6507 1
26857 -47.4515 -37.9173 -39.5525 1
26858 -48.8639 -38.8202 -39.1457 1
26859 -50.4998 -38.7326 -38.7473 1
26860 -52.1739 -38.1586 -38.6452 1
26861 -53.5274 -38.9229 -38.3746 1
28017 -46.2462 -37.5185 -39.3999 1
28018 -48.1822 -37.6286 -39.2715 1
28019 -50.3889 -37.9887 -38.5532 1
28022 -45.3168 -37.8066 -39.2895 1
29123 -46.5329 -36.5748 -39.6615 1
29127 -53.1624 -36.8312 -37.4062 1
130683 -54.4852 -40.9502 -38.1633 1
132218 -49.5907 -43.6174 -38.9001 1
132357 -49.7683 -44.2095 -38.3571 1
132795 -49.5316 -37.5658 -38.4780 1
133198 -52.1736 -42.7460 -40.0615 1
133302 -49.1226 -38.0801 -38.6387 1
133743 -49.6990 -44.2365 -38.3146 1
134570 -53.0453 -41.3299 -40.0523 1
135214 -53.3678 -35.5934 -36.5747 1
136299 -50.1310 -46.1967 -41.8058 1
136954 -51.0036 -37.4551 -38.2721 1
137735 -53.4268 -37.9291 -37.7989 1
138619 -53.2045 -42.1388 -40.2942 1
139860 -49.8361 -40.1279 -39.3018 1
140932 -49.9821 -43.2857 -38.4186 1
141402 -47.9760 -36.1532 -39.9949 1
141749 -52.2540 -34.7951 -37.8850 1
146027 -43.9636 -39.8224 -40.6904 1
146057 -47.4084 -36.9803 -39.7670 1
149043 -50.5619 -42.2296 -38.7401 1
149180 -49.5965 -42.4876 -39.2073 1
150448 -52.3636 -39.0402 -38.8143 1
151265 -53.6399 -34.7072 -35.4954 1
151401 -52.2777 -37.3991 -38.1847 1
151816 -52.4456 -41.8865 -40.1815 1
152540 -52.3525 -36.0186 -37.6300 1
154004 -54.8710 -40.7934 -37.1631 1
155216 -48.7728 -41.6421 -41.6596 1
