# stage2_3 (non-target) roi 3
141
20869 -51.1983 -48.2262 -25.1585 1
20870 -52.3017 -47.6844 -25.7498 1
20892 -51.2888 -47.9158 -26.3179 1
20893 -52.7447 -47.3636 -26.6741 1
21943 -52.5225 -46.8296 -23.4485 1
21960 -52.6718 -47.5099 -24.7205 1
21961 -53.6950 -46.8524 -25.7202 1
21977 -54.2254 -46.2071 -26.7773 1
21991 -51.3481 -47.1920 -27.3904 1
21992 -52.9684 -46.8183 -27.4305 1
21993 -53.7310 -45.9180 -27.9107 1
22005 -52.2674 -46.3666 -28.1884 1
23091 -52.3304 -45.4692 -22.5643 1
23108 -53.7744 -44.3205 -23.3501 1
23109 -54.7397 -43.2080 -24.2718 1
23120 -54.2328 -45.6316 -24.5887 1
23121 -55.2457 -44.1482 -25.3231 1
23133 -55.4606 -44.7903 -26.4071 1
23146 -50.9596 -46.2223 -28.1441 1
23147 -55.1994 -45.0204 -27.4229 1
23148 -55.7574 -44.1129 -28.1409 1
23165 -51.5067 -45.5295 -28.8444 1
23166 -53.2853 -45.5562 -28.8384 1
23167 -54.5310 -44.8933 -28.5012 1
23181 -52.5054 -45.0153 -29.7618 1
23182 -54.0349 -44.6975 -29.5684 1
23183 -55.3790 -43.9588 -29.1188 1
24366 -52.9489 -40.9147 -22.7474 1
24382 -53.8424 -40.3739 -23.3788 1
24401 -54.9885 -42.1240 -25.0460 1
24402 -55.5173 -43.1867 -26.0476 1
24412 -55.8127 -43.8705 -27.1058 1
24422 -50.9045 -44.9211 -29.6901 1
24423 -55.9702 -43.3458 -28.8258 1
24435 -50.4440 -44.1034 -30.2517 1
24436 -51.8246 -44.0727 -30.2060 1
24437 -53.3133 -44.0358 -30.2157 1
24438 -54.8102 -43.4843 -29.8696 1
24439 -56.0545 -43.0816 -29.7124 1
24448 -51.6740 -43.5517 -30.7963 1
24449 -52.8748 -43.5611 -30.8545 1
24450 -54.4643 -43.1195 -30.5142 1
24451 -56.0488 -42.6873 -30.3082 1
24452 -56.1845 -42.4678 -30.2261 1
25541 -52.9903 -40.3051 -22.7229 1
25559 -53.7268 -38.6993 -23.1985 1
25575 -54.1345 -38.9149 -23.6537 1
25576 -54.3732 -40.6924 -24.2435 1
25585 -53.7882 -38.9168 -24.4705 1
25586 -54.6480 -40.2088 -24.9532 1
25597 -54.8074 -40.2757 -25.9120 1
25608 -54.3057 -39.1101 -26.4977 1
25609 -55.0885 -40.4949 -27.0349 1
25616 -53.2167 -38.1868 -27.0197 1
25617 -54.9910 -39.4490 -27.4489 1
25618 -55.5980 -41.9766 -27.9541 1
25619 -55.7702 -42.2265 -29.1627 1
25626 -50.2414 -43.4373 -30.6934 1
25627 -55.1241 -39.6326 -28.6068 1
25628 -55.6388 -41.1731 -29.3468 1
25631 -49.9122 -42.7510 -30.8934 1
25632 -51.3054 -42.7605 -31.2452 1
25633 -54.2654 -42.7169 -31.1010 1
25634 -55.9151 -42.4081 -30.8285 1
25635 -56.2820 -42.0261 -30.5439 1
25638 -49.9619 -42.6171 -31.1163 1
25639 -50.9378 -42.4401 -31.4183 1
25640 -53.8921 -42.3510 -31.6495 1
25641 -55.5150 -42.0759 -31.3465 1
25642 -56.1743 -41.7203 -30.8673 1
25645 -51.3273 -42.3377 -31.5392 1
25653 -52.3464 -42.1598 -31.7119 1
26726 -52.1042 -36.3681 -23.7750 1
26727 -53.0444 -37.5320 -23.3393 1
26744 -52.3487 -36.5369 -23.9766 1
26745 -53.2917 -37.6738 -23.7384 1
26762 -52.3915 -36.9911 -24.4260 1
26763 -53.6496 -37.9894 -24.0673 1
26776 -51.4119 -37.0905 -25.1195 1
26777 -53.1405 -37.6736 -24.9135 1
26789 -52.7451 -37.8639 -26.3313 1
26807 -51.7870 -37.4726 -27.4730 1
26808 -54.8795 -38.7096 -28.9746 1
26812 -54.3836 -37.7955 -29.3331 1
26813 -55.5757 -40.3671 -29.9701 1
26815 -52.2833 -42.1854 -31.6410 1
26816 -53.8498 -41.4084 -31.8889 1
26817 -55.3855 -41.5714 -31.6951 1
26818 -55.5855 -40.2256 -31.1701 1
26819 -53.0521 -41.8469 -31.7914 1
26820 -54.1828 -41.5677 -31.9619 1
26821 -55.8824 -41.2717 -31.9560 1
26822 -55.4704 -39.6424 -31.5389 1
26832 -55.7461 -39.2868 -32.1133 1
27968 -49.3532 -36.7775 -27.1990 1
27969 -50.2831 -37.2237 -27.2210 1
27976 -55.1476 -38.9167 -29.8227 1
27979 -53.7048 -36.5468 -29.4813 1
27980 -54.8639 -38.1018 -30.4311 1
27985 -55.3067 -37.7914 -31.5391 1
29074 -52.5564 -35.7654 -28.7416 1
29079 -50.3813 -34.8845 -28.6462 1
29080 -51.6958 -34.9993 -28.8972 1
29089 -53.2372 -35.2450 -30.3287 1
30145 -48.4319 -34.3222 -28.9388 1
30146 -49.6743 -34.2916 -29.0790 1
30147 -51.0893 -34.2969 -29.2531 1
30156 -48.9899 -33.7751 -29.5451 1
30157 -50.3461 -33.6167 -29.8484 1
30158 -52.6711 -34.2157 -30.2294 1
30169 -51.4538 -33.2118 -30.6021 1
30170 -52.5692 -33.6450 -31.0803 1
31280 -49.6232 -33.1617 -30.2171 1
31281 -50.5540 -32.9771 -30.6181 1
31291 -51.4153 -32.6327 -31.5049 1
31292 -52.6586 -33.0011 -32.2620 1
31300 -52.1286 -32.1540 -32.8784 1
31301 -53.0202 -32.6293 -33.9335 1
130228 -51.3679 -37.1255 -27.7441 1
132042 -53.0734 -42.6321 -22.7874 1
134001 -52.7253 -37.0259 -28.4773 1
135190 -53.6017 -33.7144 -32.0637 1
135606 -51.8120 -33.8341 -29.9806 1
136902 -51.6745 -45.9045 -21.8652 1
137177 -52.9300 -37.3095 -23.6372 1
137288 -51.8301 -41.9892 -31.6381 1
140297 -55.4539 -40.6047 -28.1658 1
141148 -54.0107 -42.0291 -23.5150 1
142776 -51.4014 -36.4008 -24.2031 1
145177 -52.3061 -43.9410 -22.3524 1
146442 -52.1712 -37.6589 -27.2150 1
148686 -52.8704 -43.0721 -31.2411 1
148809 -55.2011 -41.6065 -25.6933 1
148896 -52.0854 -37.4578 -25.7317 1
149756 -55.7398 -43.1872 -27.7728 1
150153 -54.8224 -45.6151 -25.7602 1
150599 -53.5544 -38.9003 -22.9403 1
152477 -51.5505 -46.9361 -22.7977 1
153080 -51.9802 -33.0996 -31.3271 1
153650 -53.4408 -35.9406 -29.9773 1
154671 -53.9752 -38.6698 -25.5401 1
