# stage2_3 (non-target) roi 1
182
49044 -49.5769 -20.9140 -38.8238 1
49052 -49.8641 -19.9261 -38.9962 1
50295 -50.2060 -20.3797 -37.8203 1
51514 -41.7616 -15.7772 -36.2050 1
51515 -42.6992 -16.6922 -36.1445 1
51530 -42.5494 -17.7877 -36.5785 1
51532 -46.1273 -17.9603 -37.0463 1
51544 -47.0877 -19.1383 -38.3532 1
51546 -50.9297 -19.5682 -36.8429 1
51555 -48.4896 -19.0029 -39.0410 1
51556 -49.4389 -18.8123 -38.9257 1
51557 -50.2237 -19.3108 -38.7197 1
51563 -49.8593 -19.2390 -39.1320 1
52727 -42.1259 -15.8351 -35.9470 1
52728 -43.7630 -15.4926 -34.4851 1
52729 -44.3241 -15.3804 -34.4780 1
52744 -42.1542 -16.6827 -36.4124 1
52745 -44.5794 -16.1595 -34.8154 1
52746 -44.6417 -15.9770 -34.7850 1
52747 -45.2685 -16.8423 -35.7042 1
52756 -46.3778 -17.2099 -37.2833 1
52762 -47.8818 -17.8197 -38.8578 1
52763 -48.8786 -17.8044 -39.0449 1
52764 -51.0966 -18.3096 -37.4073 1
52768 -49.9738 -18.0362 -39.1636 1
53885 -41.7497 -14.7403 -35.9224 1
53886 -42.8591 -14.6213 -34.6037 1
53887 -43.7953 -14.4194 -34.3427 1
53888 -44.2244 -14.9552 -34.4502 1
53901 -44.5504 -15.3536 -34.7323 1
53902 -45.2199 -16.2596 -35.4652 1
53910 -46.0558 -16.1008 -37.2282 1
53911 -46.8617 -15.3989 -38.6375 1
53912 -51.7262 -17.3254 -36.0942 1
53917 -47.6635 -16.6327 -38.7954 1
53918 -51.1898 -15.6465 -37.8957 1
53919 -50.4411 -15.1865 -39.1914 1
53926 -49.1444 -16.5782 -38.9931 1
53927 -50.0693 -16.1667 -39.3337 1
54966 -41.1633 -10.8920 -27.6633 1
54967 -41.6721 -11.3838 -27.6468 1
55039 -41.7400 -11.6456 -35.9764 1
55053 -38.6225 -12.3192 -34.2779 1
55054 -40.8289 -12.4506 -35.2206 1
55055 -43.3077 -12.9825 -34.5986 1
55056 -44.0307 -13.7940 -34.4557 1
55061 -44.1208 -14.2522 -34.3672 1
55062 -44.3780 -14.2213 -36.2975 1
55068 -44.9748 -14.4557 -37.0011 1
55069 -46.1801 -14.4133 -37.9138 1
55070 -51.9473 -15.0542 -36.5777 1
55080 -47.5752 -14.5157 -38.8023 1
55081 -51.2099 -14.6383 -38.0455 1
55082 -50.2069 -14.4219 -39.6812 1
55091 -48.8297 -14.8095 -39.7601 1
55092 -49.6885 -15.0155 -39.7916 1
56118 -42.0621 -11.6135 -26.8447 1
56143 -41.7354 -11.4618 -27.3479 1
56144 -42.0962 -11.6445 -27.2590 1
56145 -42.5039 -11.5521 -27.2716 1
56169 -41.9736 -11.5131 -27.6031 1
56170 -42.3056 -11.2345 -27.7934 1
56171 -42.7425 -11.3718 -27.4299 1
56190 -40.6707 -10.3069 -28.3178 1
56191 -41.6552 -10.4385 -28.2881 1
56211 -40.1302 -9.4516 -28.9870 1
56212 -40.7000 -9.5062 -28.6399 1
56227 -41.9465 -11.0386 -35.4854 1
56234 -37.8767 -10.9941 -34.0950 1
56237 -40.8966 -10.9177 -34.9252 1
56238 -41.3007 -10.4174 -35.0112 1
56239 -43.4969 -12.4806 -34.8146 1
56240 -43.8807 -13.2263 -34.3203 1
56248 -43.9977 -13.1848 -34.9210 1
56260 -45.3594 -13.6230 -37.4480 1
56261 -46.7277 -13.6234 -38.7385 1
56270 -48.2540 -13.7832 -39.6308 1
56272 -50.9527 -13.7200 -38.5159 1
56275 -49.3829 -14.1266 -39.8793 1
57334 -42.9722 -11.1438 -27.3553 1
57343 -42.7473 -10.9256 -27.8314 1
57354 -42.0207 -10.1485 -28.3540 1
57371 -39.1263 -8.1077 -30.2322 1
57372 -39.9698 -8.3588 -29.7466 1
57373 -40.7653 -8.7732 -28.9997 1
57384 -38.9901 -7.3367 -31.0212 1
57396 -39.7351 -9.2930 -33.8671 1
57397 -40.4540 -9.2976 -34.1593 1
57398 -40.9582 -9.5761 -34.6727 1
57399 -41.7927 -10.3187 -35.7346 1
57400 -43.1650 -11.8884 -35.0133 1
57410 -43.4365 -11.4746 -36.3445 1
57420 -45.8658 -12.6275 -37.9659 1
57425 -46.7097 -11.6189 -38.6485 1
57426 -47.5928 -12.6554 -38.8219 1
57428 -50.2207 -12.7881 -39.6034 1
57431 -49.1498 -12.8909 -39.8947 1
58385 -43.2891 -10.7799 -27.1504 1
58391 -43.1468 -10.4810 -27.8083 1
58392 -43.4353 -10.2560 -27.4896 1
58399 -42.4077 -9.8440 -28.4488 1
58400 -43.0043 -9.5469 -28.5403 1
58415 -39.6626 -7.3916 -30.5443 1
58416 -39.7073 -7.1182 -30.6080 1
58417 -41.1832 -8.0557 -29.1157 1
58430 -38.4170 -8.5513 -33.4774 1
58433 -39.2699 -6.9568 -31.8463 1
58434 -39.4650 -6.7744 -31.2643 1
58449 -39.5332 -8.0828 -33.5617 1
58450 -39.7255 -7.9318 -33.5481 1
58451 -40.3394 -8.0746 -33.9449 1
58452 -41.4682 -9.1187 -35.0203 1
58462 -42.6110 -10.1242 -35.6242 1
58463 -43.5439 -10.6347 -36.5926 1
58472 -45.0377 -11.3935 -37.1213 1
58478 -48.4064 -11.5248 -39.6815 1
58479 -50.8675 -11.8831 -38.7303 1
58484 -49.0501 -10.7141 -39.9819 1
59458 -40.2395 -7.0043 -30.2900 1
59469 -39.5504 -7.3042 -32.9060 1
59470 -39.4504 -6.6401 -32.1542 1
59471 -40.4288 -6.5846 -30.3184 1
59483 -40.8619 -8.0123 -34.3616 1
59495 -40.8874 -7.4681 -34.3173 1
59496 -41.8140 -8.4069 -35.3516 1
59497 -43.1811 -9.3521 -36.5556 1
59506 -42.7943 -7.7812 -36.5680 1
59507 -45.0253 -8.9359 -37.1487 1
59514 -48.3937 -9.6707 -39.8569 1
60616 -39.7675 -6.2360 -32.3968 1
60617 -40.1791 -5.7135 -31.5228 1
60625 -40.1486 -6.4764 -34.0695 1
60632 -41.0506 -6.8731 -35.5626 1
60639 -42.2954 -6.3193 -36.9245 1
60640 -44.1064 -6.8623 -37.7435 1
61703 -40.0814 -5.5509 -33.0660 1
61704 -40.2252 -4.3831 -32.6195 1
61722 -41.8583 -5.4169 -35.6375 1
61728 -43.0223 -5.3094 -37.4726 1
61734 -46.8800 -6.9926 -39.1979 1
61735 -48.2972 -7.2969 -39.2074 1
61736 -50.0663 -7.4804 -37.8513 1
62790 -40.6654 -3.0078 -33.2515 1
62797 -41.6573 -3.2925 -34.0745 1
62803 -42.1401 -4.0747 -35.1830 1
62810 -42.5697 -4.3875 -36.8565 1
63841 -42.5675 -1.7469 -29.2958 1
63847 -42.5013 -1.2750 -30.4887 1
63853 -41.5955 -2.1892 -31.1806 1
63871 -42.7266 -3.6715 -36.4581 1
129369 -41.5637 -11.0035 -28.0300 1
130132 -41.1280 -3.6165 -31.7449 1
130400 -51.1231 -16.9383 -37.8465 1
131897 -40.4685 -4.2568 -34.2201 1
132031 -47.3870 -10.5979 -38.7588 1
133662 -40.8113 -8.2808 -29.3668 1
134629 -41.5323 -9.7202 -34.9688 1
134746 -41.6322 -13.4716 -35.6583 1
134761 -44.6010 -12.7158 -36.7416 1
134859 -48.2701 -15.5782 -39.4318 1
135533 -39.7406 -12.3140 -34.6316 1
135685 -40.6248 -8.6993 -34.2624 1
136652 -45.8843 -10.4481 -38.1105 1
136929 -42.8722 -13.3706 -34.7009 1
137400 -44.2597 -13.7136 -36.8511 1
137812 -37.6535 -8.3883 -33.0296 1
138370 -47.0788 -18.3240 -38.0981 1
138557 -39.3343 -13.6229 -34.5918 1
138859 -44.7160 -10.2871 -36.8498 1
140618 -51.8840 -16.1410 -36.4274 1
142305 -45.7298 -15.0800 -37.3237 1
142943 -45.0815 -15.2565 -36.3046 1
144473 -42.4556 -10.6718 -35.1978 1
146105 -49.2364 -15.5413 -39.3350 1
148839 -41.2412 -2.1044 -32.5061 1
150354 -40.5172 -5.7101 -34.5719 1
152965 -41.1854 -13.4610 -35.4068 1
152975 -49.3861 -19.7366 -38.9056 1
153260 -41.5570 -12.2944 -35.6876 1
153658 -45.6990 -6.5267 -38.4676 1
154200 -48.3183 -10.6887 -39.8416 1
155111 -40.1980 -7.3010 -30.1544 1
