# Freesurfer label: sub-01 rnd3 tmax1 day2VB unionROI
125
20247 -36.203000 -75.759000 -5.732000 1
21166 -36.822000 -75.455000 -5.215000 1
22098 -30.252000 -74.524000 -3.675000 1
22099 -30.825000 -74.233000 -3.891000 1
22100 -31.733000 -74.116000 -3.854000 1
22101 -32.827000 -74.397000 -4.034000 1
22102 -38.214000 -74.812000 -3.803000 1
22103 -38.464000 -74.405000 -3.768000 1
22107 -36.093000 -74.957000 -5.456000 1
22108 -36.565000 -75.260000 -5.437000 1
22109 -37.819000 -74.772000 -4.414000 1
22110 -38.127000 -74.165000 -4.144000 1
22111 -35.319000 -75.052000 -5.465000 1
22112 -35.957000 -75.473000 -5.810000 1
23083 -30.431000 -73.293000 -3.122000 1
23087 -30.656000 -73.766000 -3.491000 1
23088 -31.117000 -73.488000 -3.671000 1
23089 -32.520000 -73.608000 -3.677000 1
23090 -33.540000 -73.953000 -3.934000 1
23091 -34.509000 -73.603000 -3.934000 1
23092 -35.758000 -73.624000 -4.277000 1
23093 -36.817000 -73.685000 -4.357000 1
23094 -37.622000 -73.640000 -4.160000 1
23095 -38.899000 -73.800000 -3.573000 1
23098 -34.473000 -74.422000 -4.586000 1
23099 -35.499000 -74.363000 -4.806000 1
23100 -36.631000 -74.538000 -4.967000 1
23101 -37.487000 -74.401000 -4.602000 1
24054 -31.069000 -72.166000 -3.354000 1
24055 -36.098000 -72.393000 -3.326000 1
24056 -36.471000 -72.177000 -3.214000 1
24058 -30.840000 -72.965000 -3.430000 1
24059 -31.726000 -71.983000 -3.571000 1
24060 -32.591000 -72.039000 -3.418000 1
24061 -33.718000 -72.191000 -3.144000 1
24062 -34.856000 -72.788000 -3.457000 1
24063 -35.973000 -72.922000 -3.730000 1
24064 -36.828000 -72.846000 -3.758000 1
24065 -38.366000 -73.294000 -3.765000 1
24066 -39.421000 -73.201000 -3.443000 1
24946 -35.375000 -72.206000 -3.091000 1
24947 -35.863000 -71.774000 -2.871000 1
24948 -36.521000 -71.563000 -2.872000 1
24949 -37.275000 -71.487000 -2.986000 1
24950 -38.142000 -71.457000 -3.142000 1
24951 -39.242000 -71.499000 -3.309000 1
24954 -32.124000 -71.225000 -3.554000 1
24955 -32.976000 -71.224000 -3.328000 1
24956 -33.903000 -71.200000 -2.964000 1
24957 -37.077000 -72.217000 -3.349000 1
24958 -37.858000 -72.270000 -3.468000 1
24959 -38.786000 -72.353000 -3.465000 1
24960 -40.431000 -72.169000 -3.353000 1
25861 -33.535000 -69.561000 -3.185000 1
25862 -34.155000 -70.297000 -2.909000 1
25863 -35.825000 -70.897000 -2.594000 1
25864 -36.652000 -70.733000 -2.652000 1
25865 -37.497000 -70.656000 -2.793000 1
25866 -38.402000 -70.603000 -3.027000 1
25867 -39.372000 -70.556000 -3.258000 1
25872 -32.474000 -70.494000 -3.445000 1
25873 -33.287000 -70.387000 -3.286000 1
25874 -40.160000 -71.304000 -3.361000 1
25875 -40.623000 -70.668000 -3.458000 1
26806 -34.374000 -69.410000 -2.864000 1
26807 -35.272000 -69.228000 -2.636000 1
26808 -36.219000 -69.095000 -2.598000 1
26809 -37.743000 -69.824000 -2.773000 1
26810 -38.606000 -69.785000 -3.044000 1
26811 -40.368000 -69.601000 -3.487000 1
26816 -41.471000 -70.301000 -3.715000 1
26817 -42.709000 -70.297000 -4.064000 1
27751 -33.194000 -68.207000 -2.978000 1
27752 -34.565000 -68.592000 -2.756000 1
27753 -35.493000 -68.281000 -2.634000 1
27754 -36.588000 -68.317000 -2.662000 1
27755 -37.481000 -68.377000 -2.771000 1
27756 -38.263000 -68.380000 -2.970000 1
27757 -39.066000 -68.405000 -3.247000 1
27761 -40.104000 -68.619000 -3.478000 1
27763 -42.210000 -68.960000 -4.221000 1
27764 -43.380000 -69.686000 -4.301000 1
28676 -33.428000 -67.554000 -2.695000 1
28677 -34.218000 -67.347000 -2.629000 1
28678 -35.107000 -67.401000 -2.629000 1
28679 -37.104000 -67.710000 -2.807000 1
28681 -38.503000 -67.682000 -3.164000 1
28685 -38.344000 -67.002000 -3.193000 1
28686 -39.033000 -67.075000 -3.389000 1
28691 -42.360000 -67.945000 -4.362000 1
29642 -35.144000 -66.677000 -2.567000 1
29643 -35.994000 -66.725000 -2.671000 1
29644 -36.932000 -66.904000 -2.833000 1
111268 -43.776000 -70.302000 -4.055000 1
111920 -41.329000 -71.854000 -3.403000 1
112132 -33.738000 -68.766000 -3.019000 1
112388 -39.706000 -72.461000 -3.386000 1
114047 -34.935000 -71.219000 -2.707000 1
115156 -37.566000 -72.878000 -3.756000 1
115765 -34.534000 -71.948000 -2.934000 1
116996 -29.821000 -75.036000 -3.615000 1
117144 -35.069000 -70.147000 -2.637000 1
118531 -34.651000 -67.920000 -2.693000 1
118882 -37.810000 -67.877000 -2.929000 1
120092 -37.151000 -69.066000 -2.631000 1
120703 -33.289000 -73.042000 -3.471000 1
120788 -32.140000 -72.753000 -3.573000 1
121946 -31.378000 -72.738000 -3.570000 1
122668 -35.977000 -69.975000 -2.528000 1
123005 -36.105000 -67.491000 -2.680000 1
123459 -39.422000 -67.780000 -3.415000 1
123734 -36.864000 -69.873000 -2.610000 1
123837 -38.002000 -69.053000 -2.798000 1
125101 -38.793000 -69.049000 -3.118000 1
126304 -39.502000 -69.754000 -3.288000 1
126462 -41.277000 -69.379000 -3.786000 1
127443 -37.255000 -74.993000 -5.027000 1
128165 -33.935000 -68.040000 -2.824000 1
129234 -33.681000 -74.562000 -4.436000 1
129239 -35.549000 -75.560000 -5.894000 1
129378 -31.713000 -73.311000 -3.657000 1
130959 -34.664000 -67.004000 -2.580000 1
131972 -35.573000 -67.079000 -2.655000 1
132099 -34.091000 -72.914000 -3.443000 1
132656 -39.531000 -69.060000 -3.304000 1
