# Freesurfer label: sub-01 rnd6 tmax2 day3PF unionROI
60
45706 -37.180000 -48.572000 -2.058000 1
46681 -37.033000 -48.745000 -1.368000 1
46682 -37.348000 -48.118000 -1.509000 1
46688 -37.482000 -48.241000 -2.708000 1
46694 -37.723000 -48.566000 -3.654000 1
46695 -38.349000 -48.503000 -4.615000 1
46705 -38.834000 -49.049000 -5.648000 1
46713 -39.503000 -47.735000 -6.915000 1
47495 -37.227000 -47.516000 -0.319000 1
47496 -37.356000 -47.543000 -1.066000 1
47511 -37.495000 -47.467000 -1.797000 1
47519 -37.635000 -47.546000 -2.523000 1
47526 -38.278000 -47.669000 -4.108000 1
47532 -38.867000 -47.149000 -4.996000 1
47537 -39.326000 -47.479000 -5.999000 1
48345 -36.946000 -46.680000 0.024000 1
48346 -37.221000 -46.977000 -0.706000 1
48360 -36.957000 -46.309000 -0.819000 1
48361 -37.330000 -46.848000 -1.372000 1
48366 -37.514000 -46.744000 -2.300000 1
48373 -37.680000 -46.306000 -3.298000 1
48374 -38.296000 -46.750000 -4.111000 1
48381 -37.998000 -45.884000 -4.315000 1
48388 -39.251000 -46.700000 -5.870000 1
48396 -39.467000 -47.089000 -7.422000 1
49247 -36.675000 -45.738000 -0.172000 1
49259 -36.677000 -45.491000 -1.029000 1
49277 -36.755000 -45.272000 -1.881000 1
49278 -37.055000 -46.083000 -1.646000 1
49288 -36.862000 -45.066000 -2.621000 1
49289 -37.187000 -45.805000 -2.515000 1
49297 -37.273000 -45.326000 -3.477000 1
49305 -39.150000 -46.035000 -5.955000 1
50218 -36.439000 -44.405000 0.650000 1
50226 -36.470000 -44.797000 -0.321000 1
50252 -36.763000 -44.430000 -3.100000 1
50261 -37.154000 -44.528000 -4.089000 1
51221 -36.385000 -43.255000 -1.241000 1
52294 -36.404000 -42.398000 -1.359000 1
52306 -36.459000 -42.153000 -2.129000 1
111131 -36.422000 -42.830000 -1.936000 1
111580 -36.576000 -43.629000 -3.054000 1
111750 -36.473000 -43.564000 -2.185000 1
112529 -36.380000 -44.013000 -0.776000 1
112744 -36.383000 -44.040000 -0.038000 1
112968 -38.859000 -48.010000 -5.249000 1
115436 -39.286000 -48.330000 -6.277000 1
116234 -36.509000 -44.673000 -1.290000 1
121183 -39.475000 -46.211000 -7.505000 1
121698 -36.413000 -43.677000 0.454000 1
123361 -36.674000 -45.934000 0.695000 1
124913 -36.518000 -45.207000 0.421000 1
125835 -37.649000 -45.131000 -4.508000 1
126154 -36.585000 -44.440000 -2.172000 1
129211 -37.915000 -47.115000 -3.213000 1
129715 -36.439000 -43.990000 -1.532000 1
130534 -36.488000 -42.747000 -2.798000 1
130585 -37.474000 -47.993000 -2.099000 1
131185 -37.792000 -47.801000 -3.218000 1
133433 -36.555000 -44.026000 -2.620000 1
