# Freesurfer label: sub-01 rnd5 tmax1 day3PF unionROI
103
33679 -34.174000 -62.467000 -0.695000 1
34609 -33.441000 -61.146000 0.988000 1
34619 -33.768000 -61.383000 0.164000 1
34620 -34.189000 -61.587000 -0.580000 1
34630 -34.519000 -61.389000 -1.363000 1
34639 -34.759000 -61.212000 -2.180000 1
35459 -33.559000 -60.349000 1.005000 1
35471 -33.745000 -60.628000 0.354000 1
35486 -34.253000 -60.785000 -0.868000 1
35495 -34.105000 -60.037000 -1.096000 1
35496 -34.380000 -60.631000 -1.706000 1
35504 -34.474000 -60.479000 -2.638000 1
36314 -33.697000 -59.762000 0.480000 1
36327 -33.808000 -59.456000 -0.415000 1
36336 -33.814000 -59.250000 -1.314000 1
36347 -33.757000 -59.041000 -2.275000 1
36354 -34.529000 -59.767000 -4.017000 1
36359 -34.295000 -59.205000 -3.972000 1
37185 -33.643000 -58.405000 -1.511000 1
37195 -33.638000 -58.220000 -2.436000 1
37207 -33.701000 -58.078000 -3.277000 1
37208 -33.984000 -58.702000 -3.661000 1
37213 -34.422000 -58.556000 -4.228000 1
37214 -35.333000 -58.440000 -4.648000 1
38141 -33.584000 -57.440000 -2.694000 1
38149 -33.666000 -57.295000 -3.543000 1
38150 -33.901000 -57.936000 -4.007000 1
38160 -33.919000 -57.099000 -4.151000 1
39096 -33.533000 -56.658000 -2.966000 1
39107 -33.598000 -56.475000 -3.785000 1
39114 -33.901000 -56.330000 -4.319000 1
39116 -35.631000 -56.163000 -5.085000 1
39934 -33.553000 -55.435000 -1.310000 1
39946 -33.497000 -55.512000 -2.174000 1
39956 -33.463000 -55.749000 -3.154000 1
39964 -33.583000 -55.669000 -4.039000 1
39966 -34.912000 -55.538000 -4.849000 1
40762 -33.502000 -54.771000 -1.806000 1
40774 -33.429000 -54.837000 -2.745000 1
40785 -33.454000 -54.890000 -3.643000 1
40793 -33.729000 -54.887000 -4.264000 1
40794 -34.999000 -54.046000 -5.019000 1
40795 -35.243000 -54.911000 -5.073000 1
41673 -33.335000 -53.244000 -2.865000 1
41683 -33.394000 -53.501000 -3.624000 1
41692 -33.635000 -53.311000 -4.204000 1
41693 -34.167000 -53.472000 -4.677000 1
42602 -33.330000 -52.448000 -2.949000 1
42610 -33.388000 -52.774000 -3.582000 1
42620 -33.610000 -52.382000 -4.151000 1
42621 -34.025000 -52.782000 -4.654000 1
42627 -34.639000 -52.368000 -4.998000 1
42628 -35.378000 -52.747000 -5.426000 1
43561 -33.406000 -51.783000 -3.412000 1
43568 -33.680000 -51.613000 -4.185000 1
43569 -34.040000 -51.408000 -4.609000 1
43576 -34.568000 -51.623000 -4.958000 1
43582 -37.482000 -51.958000 -6.719000 1
44558 -33.372000 -50.831000 -3.263000 1
44567 -33.540000 -51.127000 -3.819000 1
44578 -33.604000 -50.438000 -3.816000 1
44579 -34.083000 -50.185000 -4.409000 1
44590 -34.473000 -50.832000 -4.849000 1
44591 -35.315000 -50.425000 -5.521000 1
44592 -36.401000 -50.516000 -6.305000 1
45724 -34.364000 -49.252000 -4.672000 1
45732 -35.085000 -49.518000 -5.384000 1
45734 -36.988000 -49.794000 -6.657000 1
46710 -34.976000 -48.644000 -5.321000 1
46712 -36.330000 -48.991000 -6.417000 1
46719 -36.743000 -48.073000 -6.764000 1
46729 -38.850000 -47.955000 -7.618000 1
46730 -39.170000 -47.748000 -7.558000 1
47543 -36.616000 -47.224000 -6.884000 1
47544 -37.493000 -47.380000 -7.352000 1
47545 -39.368000 -47.593000 -7.388000 1
47550 -38.501000 -47.369000 -7.746000 1
47551 -39.056000 -47.298000 -7.864000 1
47552 -39.251000 -47.300000 -7.654000 1
48395 -38.131000 -46.786000 -7.764000 1
111247 -33.570000 -56.786000 -1.053000 1
111503 -33.553000 -56.786000 -2.083000 1
112265 -33.942000 -60.254000 -0.300000 1
113068 -33.665000 -58.843000 0.286000 1
113278 -34.600000 -57.643000 -4.471000 1
113662 -34.004000 -60.917000 -0.236000 1
114432 -33.583000 -57.558000 -1.756000 1
115863 -35.161000 -56.891000 -4.805000 1
116612 -33.412000 -54.049000 -2.332000 1
117276 -34.649000 -50.043000 -4.946000 1
117415 -33.374000 -54.095000 -3.249000 1
118420 -33.826000 -50.942000 -4.312000 1
119138 -34.008000 -52.027000 -4.634000 1
119470 -33.510000 -56.165000 -2.405000 1
120614 -34.385000 -54.858000 -4.687000 1
120845 -33.495000 -54.133000 -3.978000 1
120896 -37.986000 -48.151000 -7.442000 1
121063 -34.710000 -53.130000 -5.011000 1
121692 -37.031000 -51.306000 -6.543000 1
122449 -35.112000 -51.195000 -5.298000 1
124506 -34.507000 -62.040000 -1.125000 1
130527 -33.570000 -56.003000 -0.923000 1
131625 -39.114000 -48.311000 -7.425000 1
