# Freesurfer label: sub-01 rnd4 tmax1 day2VA unionROI
180
30629 -43.500000 -65.472000 -3.218000 1
30636 -44.203000 -66.078000 -5.040000 1
30639 -44.436000 -65.125000 -5.421000 1
30640 -44.908000 -64.732000 -5.539000 1
31672 -40.473000 -64.276000 -1.503000 1
31673 -41.154000 -64.775000 -1.836000 1
31681 -41.858000 -65.313000 -2.261000 1
31682 -42.923000 -64.518000 -3.028000 1
31686 -43.809000 -64.759000 -3.553000 1
31687 -44.445000 -65.448000 -3.988000 1
31688 -44.818000 -65.121000 -4.797000 1
31694 -45.094000 -64.531000 -5.435000 1
31695 -45.664000 -63.725000 -5.885000 1
31700 -45.271000 -64.102000 -5.980000 1
32730 -39.203000 -63.108000 -0.461000 1
32740 -39.817000 -63.188000 -1.079000 1
32741 -40.467000 -63.409000 -1.566000 1
32742 -41.134000 -63.859000 -1.967000 1
32750 -42.464000 -63.650000 -2.841000 1
32753 -43.533000 -63.820000 -3.494000 1
32754 -44.553000 -64.512000 -4.207000 1
32755 -45.343000 -64.010000 -5.142000 1
32759 -44.669000 -63.475000 -4.195000 1
32765 -44.946000 -63.567000 -6.472000 1
32767 -46.195000 -63.038000 -6.243000 1
33680 -38.938000 -62.193000 -0.229000 1
33681 -39.618000 -62.398000 -0.843000 1
33687 -40.361000 -62.422000 -1.466000 1
33688 -41.183000 -62.854000 -2.063000 1
33696 -42.065000 -62.745000 -2.621000 1
33697 -42.828000 -63.036000 -3.160000 1
33700 -43.653000 -62.821000 -3.545000 1
33701 -45.598000 -62.149000 -4.519000 1
33706 -45.766000 -62.954000 -4.983000 1
33707 -46.413000 -62.537000 -5.816000 1
33715 -46.436000 -62.013000 -6.189000 1
34621 -39.031000 -61.404000 -0.255000 1
34622 -39.491000 -61.642000 -0.657000 1
34623 -39.987000 -61.133000 -0.989000 1
34631 -39.951000 -61.811000 -1.129000 1
34632 -40.514000 -61.487000 -1.423000 1
34633 -41.204000 -61.828000 -1.920000 1
34641 -42.122000 -61.748000 -2.463000 1
34651 -46.276000 -62.155000 -5.269000 1
34652 -46.679000 -61.499000 -5.702000 1
34653 -46.680000 -61.024000 -5.895000 1
34661 -46.018000 -62.091000 -6.504000 1
35474 -39.344000 -60.022000 -0.206000 1
35487 -38.846000 -60.785000 0.008000 1
35488 -40.052000 -60.333000 -0.763000 1
35497 -40.624000 -60.686000 -1.261000 1
35498 -41.384000 -60.394000 -1.504000 1
35499 -42.229000 -60.215000 -1.814000 1
35505 -41.743000 -60.991000 -1.975000 1
35521 -46.848000 -60.424000 -5.927000 1
36328 -39.578000 -59.274000 -0.087000 1
36329 -40.120000 -59.529000 -0.489000 1
36330 -40.808000 -58.995000 -0.592000 1
36338 -40.874000 -59.805000 -1.010000 1
36339 -41.759000 -59.643000 -1.368000 1
36340 -42.641000 -59.405000 -1.699000 1
36341 -43.784000 -58.982000 -2.317000 1
37147 -44.031000 -58.532000 2.374000 1
37148 -44.684000 -58.656000 1.860000 1
37157 -45.233000 -58.046000 1.666000 1
37176 -40.088000 -58.785000 -0.190000 1
37177 -40.727000 -58.166000 -0.306000 1
37178 -41.479000 -58.454000 -0.765000 1
37179 -42.768000 -57.628000 -1.336000 1
37189 -42.047000 -58.921000 -1.227000 1
37190 -43.717000 -57.998000 -1.933000 1
37203 -44.766000 -58.074000 -2.754000 1
38092 -44.040000 -57.098000 2.658000 1
38093 -45.200000 -57.204000 1.919000 1
38103 -45.707000 -57.516000 1.504000 1
38104 -46.294000 -57.334000 1.191000 1
38111 -40.441000 -57.495000 0.194000 1
38124 -41.117000 -57.465000 -0.267000 1
38125 -41.828000 -57.644000 -0.735000 1
38126 -42.344000 -56.998000 -0.849000 1
38134 -42.994000 -56.738000 -1.304000 1
38135 -43.692000 -57.156000 -1.810000 1
38144 -44.435000 -57.417000 -2.382000 1
39016 -41.262000 -56.368000 4.246000 1
39027 -41.842000 -55.889000 3.908000 1
39042 -43.574000 -56.371000 3.064000 1
39043 -44.288000 -56.263000 2.615000 1
39055 -45.796000 -56.748000 1.553000 1
39056 -46.393000 -56.569000 1.200000 1
39063 -40.399000 -56.310000 0.822000 1
39064 -41.095000 -56.086000 0.393000 1
39078 -40.825000 -56.846000 0.226000 1
39079 -41.622000 -56.712000 -0.307000 1
39080 -42.436000 -56.151000 -0.738000 1
39091 -43.151000 -56.050000 -1.280000 1
39092 -43.763000 -56.342000 -1.780000 1
39101 -44.580000 -56.648000 -2.451000 1
39854 -40.977000 -55.520000 3.961000 1
39865 -40.494000 -55.140000 3.473000 1
39866 -41.725000 -55.119000 3.669000 1
39867 -42.361000 -55.472000 3.622000 1
39868 -43.127000 -55.403000 3.321000 1
39878 -40.146000 -55.007000 2.787000 1
39879 -43.690000 -54.994000 2.996000 1
39880 -44.400000 -55.270000 2.591000 1
39892 -39.758000 -55.443000 2.229000 1
39893 -40.293000 -55.080000 1.862000 1
39894 -40.906000 -54.751000 1.376000 1
39908 -40.621000 -55.519000 1.072000 1
39909 -41.244000 -55.230000 0.611000 1
39926 -41.726000 -55.713000 -0.088000 1
39927 -42.292000 -55.308000 -0.431000 1
39939 -42.938000 -55.365000 -0.976000 1
39940 -43.725000 -55.520000 -1.636000 1
39950 -44.593000 -55.786000 -2.369000 1
40708 -40.923000 -54.587000 3.046000 1
40709 -41.682000 -54.534000 3.234000 1
40710 -42.415000 -54.771000 3.376000 1
40717 -40.821000 -54.511000 2.262000 1
40718 -41.529000 -54.140000 2.587000 1
40719 -42.420000 -54.040000 2.805000 1
40720 -43.133000 -54.493000 3.026000 1
40721 -44.543000 -54.434000 2.388000 1
40722 -45.193000 -54.984000 2.071000 1
40733 -41.451000 -54.094000 1.672000 1
40746 -41.842000 -54.736000 0.189000 1
40747 -42.215000 -53.994000 0.298000 1
40757 -42.618000 -54.477000 -0.431000 1
40766 -43.530000 -54.512000 -1.290000 1
41613 -42.795000 -53.410000 2.149000 1
41614 -44.145000 -53.698000 2.291000 1
41626 -42.073000 -53.641000 2.173000 1
41627 -42.949000 -53.012000 1.498000 1
41628 -43.592000 -53.064000 1.830000 1
41642 -41.809000 -53.993000 0.886000 1
41657 -42.672000 -53.526000 0.067000 1
42569 -43.022000 -52.874000 0.651000 1
110108 -43.191000 -60.009000 -2.263000 1
110109 -46.856000 -60.667000 -5.829000 1
110111 -45.876000 -59.871000 -4.033000 1
110247 -44.710000 -60.688000 -3.415000 1
110251 -46.707000 -60.568000 -5.231000 1
110255 -43.784000 -61.962000 -3.368000 1
110319 -44.682000 -62.479000 -4.030000 1
110328 -44.893000 -61.550000 -3.865000 1
110386 -46.470000 -60.967000 -6.158000 1
110408 -46.178000 -61.506000 -4.760000 1
110414 -44.407000 -59.881000 -2.906000 1
110450 -43.623000 -60.687000 -2.772000 1
110702 -45.249000 -58.917000 -3.274000 1
111432 -41.080000 -61.068000 -1.631000 1
113526 -42.387000 -53.392000 0.952000 1
114340 -43.875000 -54.388000 2.697000 1
115566 -42.843000 -58.549000 -1.564000 1
116946 -39.977000 -63.867000 -1.223000 1
118623 -41.407000 -54.532000 0.916000 1
118932 -38.539000 -63.011000 0.117000 1
119210 -42.623000 -60.829000 -2.367000 1
120758 -38.610000 -60.080000 0.398000 1
120868 -41.949000 -64.372000 -2.408000 1
120884 -41.136000 -54.906000 3.525000 1
122091 -44.535000 -57.764000 2.209000 1
122853 -42.849000 -62.271000 -3.031000 1
123299 -41.724000 -63.489000 -2.386000 1
124774 -43.305000 -53.751000 2.531000 1
125053 -42.435000 -53.357000 1.705000 1
125219 -39.443000 -60.884000 -0.495000 1
126197 -43.951000 -61.258000 -3.200000 1
127003 -44.665000 -56.915000 2.329000 1
127074 -43.106000 -61.445000 -2.845000 1
127141 -42.573000 -65.082000 -2.659000 1
127581 -41.408000 -59.166000 -0.969000 1
128193 -41.993000 -53.631000 1.489000 1
128443 -43.832000 -55.663000 2.931000 1
129206 -43.836000 -57.824000 2.637000 1
130349 -42.164000 -58.243000 -1.145000 1
130625 -41.609000 -62.282000 -2.285000 1
131085 -43.502000 -52.727000 1.127000 1
131217 -41.297000 -57.937000 -0.515000 1
132717 -45.132000 -56.165000 2.127000 1
