# stage2_3 (non-target) roi 2
103
33679 -31.7197 -62.6108 -2.3075 1
34609 -31.0232 -60.9750 -0.2698 1
34619 -31.1323 -61.4597 -1.2066 1
34620 -31.5462 -61.9527 -2.0802 1
34630 -31.6376 -62.0982 -3.2526 1
34639 -31.7426 -62.3242 -4.6311 1
35459 -31.0434 -60.3297 -0.1396 1
35471 -31.0628 -60.7474 -0.8289 1
35486 -31.2737 -61.3430 -2.3401 1
35495 -31.0464 -60.6314 -2.4216 1
35496 -31.4112 -61.4543 -3.4722 1
35504 -31.4743 -61.5773 -4.7910 1
36314 -31.0966 -59.9194 -0.5306 1
36327 -31.0148 -59.8558 -1.4772 1
36336 -30.9728 -59.7599 -2.4808 1
36347 -30.9975 -59.6356 -3.5079 1
36354 -31.9814 -60.8001 -6.6503 1
36359 -31.7194 -60.0677 -6.5035 1
37185 -30.7850 -58.8925 -2.5512 1
37195 -30.8080 -58.7308 -3.5278 1
37207 -30.9128 -58.6599 -4.8960 1
37208 -31.2058 -59.4500 -5.6473 1
37213 -32.0253 -59.2430 -6.7385 1
37214 -33.6134 -59.1943 -7.5613 1
38141 -30.7904 -57.8719 -3.8248 1
38149 -30.8431 -57.8029 -5.2366 1
38150 -31.3355 -58.5636 -5.8816 1
38160 -31.3318 -57.6264 -6.4201 1
39096 -30.7107 -57.0459 -4.1277 1
39107 -30.7623 -56.9113 -5.5669 1
39114 -31.5046 -56.7661 -6.5415 1
39116 -34.5787 -56.5275 -7.8588 1
39934 -30.7016 -55.6246 -1.8955 1
39946 -30.3055 -55.7851 -2.9296 1
39956 -30.5182 -56.0792 -4.3195 1
39964 -30.8171 -56.0445 -5.8962 1
39966 -33.4269 -55.9085 -7.5895 1
40762 -30.4367 -54.9732 -2.4689 1
40774 -30.2789 -55.1174 -3.6486 1
40785 -30.4196 -55.2050 -5.0990 1
40793 -31.1082 -55.2247 -6.2865 1
40794 -33.2976 -54.4441 -8.0745 1
40795 -33.8609 -55.3176 -8.0699 1
41673 -30.0850 -53.5110 -3.7744 1
41683 -30.2647 -53.7605 -5.0176 1
41692 -30.8609 -53.5743 -6.1174 1
41693 -31.9329 -53.7845 -7.1798 1
42602 -30.0066 -52.7440 -3.9362 1
42610 -30.1782 -53.0426 -4.9971 1
42620 -30.7456 -52.6216 -6.0387 1
42621 -31.6632 -53.0519 -7.0084 1
42627 -32.5121 -52.6878 -7.9313 1
42628 -33.8153 -53.0679 -8.5866 1
43561 -30.1027 -52.0889 -4.8286 1
43568 -30.7776 -51.8692 -6.2088 1
43569 -31.4600 -51.6921 -7.1329 1
43576 -32.2817 -51.9481 -7.9274 1
43582 -36.7411 -52.3302 -10.0794 1
44558 -30.0424 -51.2589 -4.7441 1
44567 -30.4814 -51.4221 -5.6138 1
44578 -30.5985 -50.7914 -5.8062 1
44579 -31.2996 -50.5649 -7.1893 1
44590 -32.0030 -51.1835 -7.8701 1
44591 -33.6103 -50.7935 -8.6092 1
44592 -35.2972 -51.1070 -10.2069 1
45724 -31.8108 -49.7488 -7.7728 1
45732 -33.0646 -49.9559 -8.6937 1
45734 -36.2312 -50.4215 -10.8098 1
46710 -32.9324 -49.1568 -8.7221 1
46712 -35.3178 -49.5620 -10.2787 1
46719 -35.7674 -48.7377 -11.1877 1
46729 -40.1136 -48.4514 -9.9121 1
46730 -41.4164 -48.1651 -9.3814 1
47543 -35.7676 -47.9581 -11.3027 1
47544 -37.3816 -47.9706 -11.0432 1
47545 -42.1392 -47.9121 -8.8444 1
47550 -39.1819 -47.9382 -11.0777 1
47551 -40.5821 -47.7135 -10.0088 1
47552 -41.6438 -47.5817 -9.4030 1
48395 -38.3157 -47.2530 -11.0800 1
111247 -30.8458 -57.0586 -1.7287 1
111503 -30.5375 -57.1409 -2.9293 1
112265 -30.9850 -60.6279 -1.5229 1
113068 -31.1089 -59.0612 -0.5640 1
113278 -32.7065 -58.2373 -7.0222 1
113662 -31.1447 -61.2327 -1.5849 1
114432 -30.6963 -57.9848 -2.6833 1
115863 -33.7982 -57.3705 -7.4095 1
116612 -29.9966 -54.3286 -3.0391 1
117276 -32.2537 -50.4388 -8.0417 1
117415 -30.2537 -54.3703 -4.3646 1
118420 -31.0323 -51.2193 -6.6098 1
119138 -31.5542 -52.2866 -6.9694 1
119470 -30.4510 -56.4809 -3.2653 1
120614 -32.4973 -55.1817 -7.0629 1
120845 -30.6190 -54.4121 -5.6650 1
120896 -38.3605 -48.7626 -10.6897 1
121063 -32.7169 -53.4601 -7.9540 1
121692 -36.2160 -51.8947 -10.3508 1
122449 -33.2987 -51.4840 -8.2446 1
124506 -31.8293 -62.5720 -2.8963 1
130527 -30.8761 -56.2091 -1.4571 1
131625 -41.1829 -48.7801 -9.3102 1
