# Stage2 ROI 2
125
20247 -38.212566 -76.325050 -9.231380 1
21166 -39.176109 -75.916069 -8.926062 1
22098 -27.461243 -73.100250 -6.607119 1
22099 -28.545532 -72.928352 -6.710980 1
22100 -30.284067 -73.072510 -6.572587 1
22101 -32.392967 -73.702477 -6.270162 1
22102 -40.055325 -76.443962 -5.041001 1
22103 -40.746277 -75.671394 -6.294706 1
22107 -37.329300 -74.756042 -8.728217 1
22108 -38.542027 -75.534729 -9.222677 1
22109 -40.034203 -75.857910 -7.769081 1
22110 -40.299896 -75.645996 -7.439928 1
22111 -36.063789 -74.625237 -8.374331 1
22112 -37.238914 -75.543571 -8.808867 1
23083 -27.920563 -72.061234 -6.022322 1
23087 -28.084217 -72.377235 -6.327922 1
23088 -29.157419 -72.261337 -6.561717 1
23089 -31.404940 -72.659218 -6.494164 1
23090 -33.321537 -73.514244 -5.942898 1
23091 -34.554359 -73.227943 -6.007237 1
23092 -36.918819 -73.065292 -7.919874 1
23093 -37.949142 -73.412888 -7.897114 1
23094 -38.967346 -73.897850 -6.959498 1
23095 -41.297314 -75.681610 -6.180078 1
23098 -35.003788 -73.924255 -7.648197 1
23099 -36.607456 -73.784348 -8.476907 1
23100 -38.043262 -74.599373 -8.306439 1
23101 -39.356461 -75.259071 -8.458449 1
24054 -29.177137 -71.013138 -6.209045 1
24055 -36.843380 -71.491516 -7.006752 1
24056 -37.146011 -71.359818 -6.850519 1
24058 -28.587044 -71.686493 -6.280357 1
24059 -30.377081 -70.952126 -6.335117 1
24060 -31.767073 -71.067001 -6.317645 1
24061 -33.194012 -71.048378 -5.898146 1
24062 -34.816734 -72.434662 -5.742840 1
24063 -37.000690 -72.160553 -7.350398 1
24064 -37.635666 -72.241570 -7.326346 1
24065 -40.055302 -74.193123 -6.509295 1
24066 -41.862869 -75.535225 -6.164846 1
24946 -35.299686 -71.430450 -5.682677 1
24947 -36.050049 -71.094589 -5.135445 1
24948 -36.756260 -70.847755 -5.243136 1
24949 -37.950611 -71.107330 -6.129746 1
24950 -39.090775 -71.386246 -6.164696 1
24951 -40.551277 -72.471100 -6.201530 1
24954 -31.170834 -70.281761 -6.296610 1
24955 -32.519608 -70.245384 -6.265568 1
24956 -33.698254 -70.254906 -6.721251 1
24957 -37.812096 -71.644951 -6.794486 1
24958 -38.975105 -72.321632 -6.431741 1
24959 -40.249187 -73.224846 -6.366666 1
24960 -43.026020 -74.812729 -6.304388 1
25861 -33.266273 -68.770988 -6.899914 1
25862 -33.941437 -69.529541 -6.525734 1
25863 -36.038128 -70.687912 -4.840478 1
25864 -36.864269 -70.412247 -4.645722 1
25865 -37.909416 -70.314522 -4.776072 1
25866 -38.903786 -70.627747 -5.067992 1
25867 -39.990772 -71.177231 -6.136698 1
25872 -31.794847 -69.650810 -6.371879 1
25873 -32.928410 -69.556442 -6.666368 1
25874 -41.647137 -72.981506 -6.339299 1
25875 -42.087002 -72.453857 -6.448519 1
26806 -34.113575 -68.821579 -6.414707 1
26807 -35.059677 -68.839203 -5.984828 1
26808 -36.345264 -69.171806 -4.744082 1
26809 -37.878517 -69.964111 -4.472880 1
26810 -38.742134 -70.108421 -4.753697 1
26811 -41.765091 -71.188408 -6.775256 1
26816 -43.876587 -72.554161 -7.052153 1
26817 -45.387539 -72.589897 -7.279397 1
27751 -32.502575 -67.336792 -5.821461 1
27752 -34.317249 -68.185333 -6.212551 1
27753 -35.369282 -67.886848 -4.993967 1
27754 -36.514309 -68.249367 -4.740277 1
27755 -37.369595 -68.515572 -4.599278 1
27756 -38.215561 -68.672600 -4.603206 1
27757 -39.265331 -68.910797 -4.761541 1
27761 -40.701271 -69.307007 -5.473857 1
27763 -44.209423 -70.987556 -7.764274 1
27764 -45.693150 -70.990326 -7.341176 1
28676 -32.649109 -66.717377 -5.121923 1
28677 -33.565899 -66.626984 -4.897612 1
28678 -34.686592 -66.797722 -4.831228 1
28679 -36.925171 -67.607628 -4.697702 1
28681 -38.397575 -67.984322 -4.867723 1
28685 -37.980583 -67.286804 -5.047469 1
28686 -38.913071 -67.520348 -5.189376 1
28691 -43.895790 -69.998863 -8.047780 1
29642 -34.643173 -65.996376 -4.575655 1
29643 -35.629345 -66.258316 -4.633044 1
29644 -36.548321 -66.736008 -4.728927 1
111268 -46.440514 -71.926582 -5.955296 1
111920 -44.010468 -74.605057 -6.289488 1
112132 -33.447369 -68.159752 -6.604868 1
112388 -41.637848 -74.289612 -6.238934 1
114047 -35.075771 -71.074547 -5.153802 1
115156 -38.784931 -72.831177 -6.682085 1
115765 -34.439568 -71.680138 -5.062996 1
116996 -26.854548 -73.773712 -6.397024 1
117144 -35.058784 -69.656311 -6.062063 1
118531 -34.319859 -67.286217 -5.025873 1
118882 -37.639286 -68.027870 -4.740622 1
120092 -37.132950 -69.266365 -4.468652 1
120703 -32.435291 -72.385376 -5.869778 1
120788 -30.947529 -71.776382 -6.260644 1
121946 -29.649912 -71.544334 -6.471863 1
122668 -36.161621 -69.997345 -4.682456 1
123005 -35.893871 -67.089317 -4.712698 1
123459 -39.618309 -68.232262 -5.042155 1
123734 -37.017185 -69.967644 -4.335813 1
123837 -38.009117 -69.322754 -4.478663 1
125101 -38.947781 -69.511154 -4.660807 1
126304 -39.820580 -70.372276 -5.685297 1
126462 -43.330658 -71.413811 -7.315978 1
127443 -39.394596 -75.836243 -8.689915 1
128165 -33.535122 -67.189301 -5.450323 1
129234 -33.643093 -73.809639 -7.065515 1
129239 -36.467915 -75.199944 -8.767568 1
129378 -30.291777 -72.259796 -6.358858 1
130959 -34.080685 -66.271065 -4.716148 1
131972 -35.193718 -66.517044 -4.677229 1
132099 -33.917492 -72.679085 -5.471320 1
132656 -39.915813 -69.655502 -5.110380 1
