# stage2_2 (cortical surface) roi 3
182
7068 -31.0607 -94.6102 -0.2337 1
7069 -31.9854 -94.4434 0.0189 1
7070 -32.7884 -94.3063 0.2153 1
7071 -33.4876 -94.0977 0.3697 1
7072 -34.2116 -93.8941 0.9866 1
7085 -31.5131 -94.7132 -0.5808 1
7086 -32.4405 -94.4297 -0.2468 1
7103 -32.1082 -94.5602 -1.0880 1
7804 -35.9555 -91.9110 2.2789 1
7809 -33.8415 -93.0956 1.1405 1
7810 -34.6616 -93.2353 1.7513 1
7811 -35.4408 -92.8097 1.9061 1
7812 -36.6746 -91.9280 2.7430 1
7826 -31.3378 -93.4810 0.0420 1
7827 -32.3657 -93.6022 0.5286 1
7828 -33.2170 -93.7291 0.8308 1
7829 -34.3385 -93.5242 0.8458 1
7830 -34.8972 -93.5169 1.5053 1
7831 -35.7407 -92.9891 1.8255 1
7832 -36.4881 -92.2603 2.2844 1
7850 -33.0776 -94.2350 -0.5998 1
7851 -34.0426 -93.8505 -0.1393 1
7852 -34.9432 -93.4374 0.3193 1
7853 -35.6079 -93.1337 0.9134 1
7868 -33.0070 -93.7040 -2.2817 1
7869 -33.9707 -93.2545 -1.8805 1
7870 -35.0784 -92.5889 -1.7222 1
8611 -34.4035 -90.7984 2.4770 1
8612 -35.5987 -91.2408 2.8229 1
8613 -36.5457 -91.2067 2.8350 1
8614 -37.0809 -90.8526 2.9953 1
8629 -29.2999 -90.9476 1.3768 1
8630 -30.8287 -91.1742 1.2958 1
8631 -31.9213 -91.4085 1.5083 1
8632 -33.8036 -91.9455 1.7354 1
8633 -35.1046 -92.0881 1.9047 1
8634 -37.2526 -91.4038 2.5453 1
8651 -29.1354 -91.8157 0.6942 1
8652 -29.9643 -91.4905 0.8558 1
8653 -31.7187 -92.3539 0.6784 1
8654 -32.7810 -92.5005 1.2241 1
8655 -36.5965 -92.3579 0.6762 1
8656 -37.5725 -91.6139 1.1545 1
8657 -38.4576 -90.7426 1.7010 1
8669 -36.0474 -92.4728 -0.7726 1
8670 -37.6333 -91.3384 -0.5931 1
8671 -38.4253 -90.8061 -0.0415 1
8682 -36.0615 -91.4948 -2.6371 1
8683 -36.8013 -91.1549 -2.4952 1
8684 -37.5206 -90.7418 -2.1641 1
9431 -28.4118 -89.7276 2.4445 1
9432 -29.2905 -89.4931 2.5445 1
9433 -30.3292 -89.2396 2.3710 1
9434 -31.2946 -89.3208 1.9986 1
9435 -32.9458 -89.2455 2.5076 1
9436 -33.8674 -89.4617 2.8503 1
9437 -35.9905 -90.3588 3.0777 1
9438 -36.9288 -90.2243 3.6838 1
9439 -37.6387 -89.9721 3.3083 1
9440 -38.5372 -89.4309 3.2915 1
9456 -28.8229 -90.2494 1.7546 1
9457 -29.8891 -89.8952 1.5693 1
9458 -30.6749 -89.8310 1.4849 1
9459 -32.1487 -89.7715 1.7676 1
9460 -33.2633 -90.1934 2.0416 1
9461 -37.9627 -90.3806 2.9033 1
9463 -39.6628 -89.3267 2.1932 1
9472 -39.1387 -90.1950 0.4644 1
9473 -39.7205 -89.5614 0.8689 1
9480 -38.2291 -90.3938 -1.6772 1
9481 -38.9804 -90.0001 -1.0568 1
9482 -39.5161 -89.0709 -1.6662 1
9490 -37.4223 -90.0735 -3.6430 1
9491 -38.0587 -89.8516 -3.1216 1
9492 -38.7043 -89.4309 -2.6917 1
9501 -37.9906 -89.1791 -4.3988 1
10206 -28.7774 -88.4617 3.5661 1
10207 -29.6340 -88.5003 3.6878 1
10208 -30.5980 -88.5629 3.8461 1
10209 -31.7401 -88.3573 4.1673 1
10210 -32.8284 -88.1471 4.1575 1
10211 -33.7021 -87.8081 4.1883 1
10224 -28.9836 -89.0326 3.0789 1
10225 -29.8583 -88.9489 3.2276 1
10226 -31.1615 -88.8422 2.7933 1
10227 -32.1588 -88.8519 2.7804 1
10228 -33.3750 -88.7491 4.0454 1
10229 -34.1221 -88.7920 4.0770 1
10230 -35.2729 -88.5237 3.7338 1
10231 -36.4543 -88.8309 3.7216 1
10232 -37.9101 -88.9502 3.4539 1
10233 -39.1497 -88.5088 3.4153 1
10234 -40.0204 -88.1376 3.5977 1
10250 -40.2921 -88.8533 1.3945 1
10251 -40.7539 -88.2337 0.4447 1
10258 -40.3395 -88.2773 -1.2463 1
10268 -39.1934 -88.7375 -3.0684 1
10275 -38.6770 -88.7646 -3.9969 1
11034 -30.1122 -87.4831 4.8542 1
11035 -31.2110 -87.4769 5.0759 1
11036 -32.3419 -87.0757 5.3275 1
11037 -32.9350 -86.9812 5.0807 1
11049 -29.4240 -87.9497 4.1450 1
11050 -30.3393 -87.9961 4.3343 1
11051 -31.8039 -87.8147 4.8944 1
11052 -32.5403 -87.7177 4.9075 1
11053 -33.2649 -87.3139 4.7127 1
11054 -34.0014 -86.8543 4.5586 1
11055 -34.7699 -86.7109 4.1483 1
11064 -34.4977 -87.6081 3.9705 1
11065 -35.5891 -86.7705 3.7843 1
11066 -36.6570 -87.1525 3.6744 1
11067 -37.8780 -87.6957 3.6236 1
11068 -39.7068 -87.6847 3.4912 1
11069 -40.5397 -87.3732 3.3357 1
11070 -41.1072 -87.0282 3.1847 1
11084 -40.4862 -87.7200 3.2541 1
11108 -41.3518 -87.3446 1.4203 1
11137 -41.1222 -87.4313 -0.7431 1
11959 -32.7119 -86.2271 5.7694 1
11979 -30.9008 -86.8483 5.6419 1
11980 -33.1787 -86.3200 5.3974 1
11998 -33.5613 -86.5092 4.9909 1
11999 -34.1033 -85.9692 4.8037 1
12000 -34.5665 -85.9123 4.4080 1
12018 -35.3571 -85.8937 3.8968 1
12019 -36.2157 -86.0568 3.6475 1
12020 -37.3290 -86.3443 3.4668 1
12021 -38.7168 -86.8383 3.4153 1
12022 -40.2128 -86.8112 3.4788 1
12023 -41.0169 -86.5516 3.4195 1
12043 -41.5056 -86.0139 3.1070 1
12065 -41.7577 -86.5274 0.5515 1
12953 -33.9282 -85.5540 5.2119 1
12955 -35.2036 -85.0991 4.2724 1
12971 -35.8872 -85.0952 3.6043 1
12972 -36.8895 -85.2730 3.4104 1
12973 -37.5598 -84.6350 3.2169 1
12974 -38.8219 -84.9079 3.2227 1
12975 -40.6671 -84.9526 3.2570 1
12976 -41.2757 -85.4140 3.2446 1
12988 -41.8416 -85.2350 3.1392 1
13848 -35.5206 -84.3916 3.7712 1
13849 -36.0946 -83.4237 2.8520 1
13850 -38.3793 -84.0176 3.1048 1
13851 -39.7637 -84.4333 3.2276 1
13852 -40.5177 -83.9477 3.1867 1
13853 -41.3868 -84.0399 3.0935 1
13868 -38.0168 -83.2087 2.7365 1
13869 -39.2621 -83.4369 3.1020 1
14720 -36.1114 -82.4810 2.7050 1
14721 -36.8879 -82.9223 2.4977 1
14739 -37.7593 -82.5115 2.6182 1
14740 -38.9704 -82.6949 2.8842 1
14741 -40.2776 -82.8971 3.0143 1
112878 -36.4567 -84.3818 3.1188 1
113168 -35.0628 -89.7236 3.1524 1
113622 -30.0501 -92.9670 0.3496 1
114968 -35.9248 -87.9218 3.7301 1
115599 -38.1584 -85.6355 3.4026 1
116849 -36.0008 -89.6128 3.7859 1
117246 -40.1267 -89.0358 -0.1209 1
117891 -31.9350 -86.7146 5.7645 1
119335 -39.2681 -90.0178 1.6262 1
120168 -39.7990 -88.2459 -2.7315 1
120219 -36.9052 -88.0705 3.7268 1
120347 -39.5030 -85.9251 3.3853 1
121666 -37.1330 -83.7064 2.7387 1
123430 -32.6962 -91.1215 1.7650 1
124946 -36.9826 -91.6599 -1.1180 1
124957 -40.6050 -85.9082 3.2906 1
125189 -30.0167 -90.6878 1.3083 1
125522 -31.3232 -89.9990 1.4511 1
128674 -38.8323 -88.0255 3.7262 1
128969 -36.1188 -92.4711 2.2425 1
129136 -30.7903 -92.2934 0.5896 1
129455 -39.5138 -89.5998 -0.3233 1
129773 -30.4041 -88.8745 3.2350 1
130036 -35.1514 -87.5444 3.9604 1
130414 -31.1116 -88.0387 4.4583 1
132927 -38.3571 -89.2915 -3.6379 1
133143 -30.6883 -94.0659 -0.1237 1
