# stage2 FINAL cVWFA (Rnd3Tmax1day2VB)
69
22099 -28.5455 -72.9284 -6.7110 1
22100 -30.2841 -73.0725 -6.5726 1
22101 -32.3930 -73.7025 -6.2702 1
22103 -40.7463 -75.6714 -6.2947 1
22107 -37.3293 -74.7560 -8.7282 1
22109 -40.0342 -75.8579 -7.7691 1
22110 -40.2999 -75.6460 -7.4399 1
22111 -36.0638 -74.6252 -8.3743 1
22112 -37.2389 -75.5436 -8.8089 1
23089 -31.4049 -72.6592 -6.4942 1
23090 -33.3215 -73.5142 -5.9429 1
23091 -34.5544 -73.2279 -6.0072 1
23092 -36.9188 -73.0653 -7.9199 1
23093 -37.9491 -73.4129 -7.8971 1
23094 -38.9673 -73.8979 -6.9595 1
23095 -41.2973 -75.6816 -6.1801 1
23098 -35.0038 -73.9243 -7.6482 1
23099 -36.6075 -73.7843 -8.4769 1
23100 -38.0433 -74.5994 -8.3064 1
23101 -39.3565 -75.2591 -8.4584 1
24055 -36.8434 -71.4915 -7.0068 1
24056 -37.1460 -71.3598 -6.8505 1
24060 -31.7671 -71.0670 -6.3176 1
24061 -33.1940 -71.0484 -5.8981 1
24062 -34.8167 -72.4347 -5.7428 1
24063 -37.0007 -72.1606 -7.3504 1
24064 -37.6357 -72.2416 -7.3263 1
24065 -40.0553 -74.1931 -6.5093 1
24066 -41.8629 -75.5352 -6.1648 1
24946 -35.2997 -71.4305 -5.6827 1
24947 -36.0500 -71.0946 -5.1354 1
24948 -36.7563 -70.8478 -5.2431 1
24949 -37.9506 -71.1073 -6.1297 1
24950 -39.0908 -71.3862 -6.1647 1
24951 -40.5513 -72.4711 -6.2015 1
24955 -32.5196 -70.2454 -6.2656 1
24956 -33.6983 -70.2549 -6.7213 1
24957 -37.8121 -71.6450 -6.7945 1
24958 -38.9751 -72.3216 -6.4317 1
24959 -40.2492 -73.2248 -6.3667 1
25862 -33.9414 -69.5295 -6.5257 1
25863 -36.0381 -70.6879 -4.8405 1
25864 -36.8643 -70.4122 -4.6457 1
25865 -37.9094 -70.3145 -4.7761 1
25866 -38.9038 -70.6277 -5.0680 1
25867 -39.9908 -71.1772 -6.1367 1
25874 -41.6471 -72.9815 -6.3393 1
25875 -42.0870 -72.4539 -6.4485 1
26809 -37.8785 -69.9641 -4.4729 1
26810 -38.7421 -70.1084 -4.7537 1
26811 -41.7651 -71.1884 -6.7753 1
27757 -39.2653 -68.9108 -4.7615 1
112388 -41.6378 -74.2896 -6.2389 1
114047 -35.0758 -71.0745 -5.1538 1
115156 -38.7849 -72.8312 -6.6821 1
115765 -34.4396 -71.6801 -5.0630 1
117144 -35.0588 -69.6563 -6.0621 1
120703 -32.4353 -72.3854 -5.8698 1
120788 -30.9475 -71.7764 -6.2606 1
122668 -36.1616 -69.9973 -4.6825 1
123734 -37.0172 -69.9676 -4.3358 1
123837 -38.0091 -69.3228 -4.4787 1
125101 -38.9478 -69.5112 -4.6608 1
126304 -39.8206 -70.3723 -5.6853 1
129234 -33.6431 -73.8096 -7.0655 1
129239 -36.4679 -75.1999 -8.7676 1
129378 -30.2918 -72.2598 -6.3589 1
132099 -33.9175 -72.6791 -5.4713 1
132656 -39.9158 -69.6555 -5.1104 1
