# stage2 FINAL pVWFA (Rnd1Tmax2day2VB)
87
14768 -32.4487 -83.7313 -3.8919 1
14769 -33.6263 -84.0556 -4.8729 1
14781 -32.8466 -83.6363 -4.9884 1
14782 -34.1888 -83.7690 -5.8290 1
14783 -35.2874 -84.3458 -6.5216 1
14788 -36.3689 -84.8253 -8.7001 1
15624 -28.5009 -83.3704 -4.1981 1
15625 -30.1360 -83.3054 -3.6213 1
15626 -31.1668 -83.1873 -3.5280 1
15627 -31.8952 -83.3494 -4.1174 1
15641 -30.4894 -83.0250 -4.2024 1
15642 -32.2317 -83.0392 -5.1382 1
15643 -33.3081 -83.2743 -6.0576 1
15649 -31.3878 -82.5546 -6.1722 1
15650 -33.5873 -82.8402 -7.4373 1
15651 -34.5162 -83.4660 -7.1416 1
15653 -33.7575 -82.2812 -9.4878 1
15654 -34.9796 -83.2071 -9.1895 1
15655 -35.9146 -84.2210 -9.0583 1
15658 -34.5794 -82.0536 -10.2293 1
15659 -35.7003 -82.4260 -9.9946 1
16524 -29.3847 -83.1885 -4.4156 1
16538 -28.4497 -83.0360 -4.9052 1
16539 -29.2898 -82.7870 -5.3379 1
16547 -27.4525 -81.5482 -6.5986 1
16548 -28.5714 -82.1127 -6.4919 1
16549 -29.9011 -82.2547 -6.4240 1
16554 -27.6984 -80.3846 -6.9720 1
16555 -28.7402 -81.3605 -7.0693 1
16556 -30.2344 -81.2196 -7.8135 1
16557 -30.9966 -81.8591 -7.6101 1
16558 -32.3765 -82.3550 -7.7192 1
16562 -31.0613 -80.6246 -9.5591 1
16563 -31.9330 -81.0128 -10.2066 1
16564 -33.2495 -81.7457 -9.9425 1
17474 -26.6879 -79.2041 -7.0152 1
17478 -29.5615 -80.4060 -7.8252 1
17479 -31.9187 -80.2955 -10.6423 1
17480 -33.0135 -80.9030 -10.4402 1
17484 -33.0274 -79.5302 -11.0590 1
18359 -26.7565 -77.9033 -7.3580 1
18361 -27.8827 -79.1275 -7.2586 1
18362 -29.9034 -79.2448 -7.7463 1
18363 -32.2599 -79.3739 -10.8448 1
18364 -33.8134 -78.2866 -11.3036 1
19256 -26.2576 -76.9149 -7.2680 1
19257 -27.0001 -76.8753 -7.5222 1
19258 -28.5216 -76.7948 -7.6213 1
19259 -31.1408 -77.0844 -7.9370 1
19260 -37.6524 -77.2937 -9.4624 1
19261 -37.4673 -76.8763 -9.9121 1
19262 -28.0357 -77.8428 -7.4356 1
19263 -30.2653 -78.1121 -7.8038 1
19264 -32.6807 -77.9950 -9.8847 1
19265 -34.4929 -77.0746 -11.0610 1
19266 -36.3413 -76.7420 -10.7244 1
20233 -26.1045 -75.9375 -7.0682 1
20234 -38.0242 -77.6755 -7.0775 1
20236 -26.5715 -74.9905 -7.0915 1
20237 -27.5267 -75.8592 -7.1442 1
20238 -29.2313 -75.8392 -7.2997 1
20239 -31.5724 -75.9567 -7.6131 1
20240 -33.3985 -75.3283 -9.4354 1
20241 -38.0665 -77.0781 -8.5678 1
20243 -33.0426 -76.4499 -9.8673 1
20244 -34.7118 -75.9340 -9.7140 1
20245 -36.3712 -76.4746 -9.0105 1
21161 -27.8652 -74.7511 -6.9199 1
21162 -30.0181 -74.9421 -6.8746 1
21163 -32.5165 -75.1031 -7.8826 1
21164 -34.1990 -74.7157 -9.2524 1
21168 -35.3174 -75.5099 -9.2777 1
21169 -36.8855 -75.8636 -9.3543 1
111418 -32.1855 -81.6437 -9.3764 1
113591 -34.3523 -84.4196 -5.7695 1
115059 -29.6007 -81.7871 -7.0581 1
117073 -31.3370 -80.0777 -9.4713 1
118442 -37.7962 -77.3909 -9.2164 1
123565 -30.5096 -82.7345 -5.2646 1
125288 -31.3527 -82.9133 -4.4723 1
125619 -31.4988 -78.9448 -9.1140 1
127585 -31.2131 -81.2994 -9.0423 1
128511 -34.2898 -75.2170 -9.7676 1
128650 -26.6200 -76.1445 -6.9733 1
130079 -35.1418 -84.0057 -6.9094 1
131210 -32.5945 -82.7759 -6.2477 1
133380 -31.2436 -77.9032 -9.3083 1
