# opus stage2 label
101
7805 -32.1601 -60.6663 5.0999 1
7806 -33.3847 -60.5962 5.4387 1
7807 -34.4331 -60.5246 5.6699 1
7808 -35.4920 -60.8219 4.5289 1
7818 -31.9353 -60.8097 3.5640 1
7819 -33.0154 -61.1262 4.0207 1
7820 -34.2184 -60.8947 4.2996 1
8446 -32.9233 -59.8616 7.7119 1
8447 -34.3139 -59.8017 7.4590 1
8448 -35.4206 -59.6916 6.9589 1
8449 -36.7334 -59.6718 6.3146 1
8464 -32.6568 -60.3692 6.6296 1
8465 -33.8775 -60.2532 6.8530 1
8466 -34.9671 -60.2495 6.4308 1
8467 -38.1172 -60.2298 5.1424 1
8478 -36.3880 -61.6444 3.4719 1
8479 -37.4988 -60.7910 3.3723 1
9179 -34.8544 -59.0392 7.9899 1
9180 -35.8179 -59.0828 7.4360 1
9181 -36.7366 -58.5704 7.2316 1
9193 -37.8950 -58.9744 6.1513 1
9194 -38.9684 -58.3289 6.0320 1
9205 -38.7518 -59.6845 3.9924 1
9206 -39.6904 -58.7884 4.7025 1
9221 -39.1484 -58.3960 2.8871 1
9905 -35.4947 -58.0502 8.0731 1
9906 -36.6509 -57.1393 7.6400 1
9907 -37.9340 -57.8144 7.0335 1
9920 -40.3544 -57.8614 5.9413 1
9921 -41.1352 -57.1143 5.4640 1
9922 -41.4466 -56.4786 4.9486 1
9937 -40.2322 -57.6532 4.0262 1
9938 -40.8347 -56.8881 4.1789 1
9953 -39.2652 -57.1926 1.6475 1
9954 -40.2059 -56.6765 2.5385 1
10689 -36.4622 -55.6256 7.9988 1
10690 -37.8473 -56.4227 7.5023 1
10702 -39.0443 -57.0599 6.7496 1
10703 -40.2026 -56.4337 6.5498 1
10704 -41.4987 -56.3214 5.7759 1
10705 -41.8609 -55.9526 5.1104 1
10720 -41.0235 -56.3209 3.5632 1
10721 -41.5039 -55.6842 3.6641 1
10736 -36.7181 -55.0171 -2.6947 1
10737 -37.9310 -56.4051 -0.6084 1
10738 -39.1163 -55.8819 0.1099 1
10739 -40.3663 -55.6485 1.6056 1
10754 -36.4903 -56.1958 -2.0655 1
11483 -37.9531 -54.8390 7.4331 1
11486 -41.7564 -55.4792 5.4956 1
11500 -42.1796 -55.3802 4.9287 1
11501 -42.1680 -54.6383 4.4446 1
11517 -36.9958 -54.2091 -2.5715 1
11518 -38.2358 -54.5656 -1.7534 1
11519 -39.1799 -54.7132 -0.7928 1
11520 -41.0470 -54.9667 1.9967 1
11532 -35.6568 -54.4289 -2.6068 1
12272 -42.3298 -53.8369 5.1109 1
12281 -35.4031 -53.3320 -1.8769 1
12282 -37.8831 -53.8565 -2.1474 1
12283 -39.2097 -54.1186 -1.2434 1
13106 -42.6627 -53.1071 4.4948 1
13114 -34.7425 -52.5290 -0.9652 1
13115 -36.1675 -52.1426 -0.2975 1
13116 -37.8596 -52.3818 -1.3924 1
13117 -39.3404 -52.4185 -2.1636 1
13931 -42.3121 -52.1875 5.5973 1
13932 -43.1057 -52.5879 4.0393 1
13933 -43.4629 -52.0353 3.5489 1
13941 -34.5199 -51.7097 -0.5808 1
13942 -36.0094 -51.4717 0.0585 1
13943 -37.5995 -51.4686 -0.8274 1
14771 -42.3039 -51.4426 5.8839 1
14772 -43.3052 -51.6394 5.3189 1
14785 -33.9743 -50.1459 -0.0039 1
14786 -35.5136 -49.9863 -0.2095 1
14787 -37.3068 -50.2327 -0.8323 1
123830 -35.6612 -56.5270 8.1507 1
126215 -36.8670 -60.6720 4.9860 1
126392 -38.3877 -57.7174 1.0818 1
127392 -32.8997 -60.9909 2.6139 1
128427 -39.1863 -53.2753 -1.9515 1
128676 -37.8780 -55.2912 -1.4850 1
128925 -34.0404 -61.2295 3.0149 1
129133 -33.1596 -51.0713 -0.7387 1
132429 -37.9475 -53.2092 -1.7357 1
133598 -34.9804 -50.7992 0.2396 1
134007 -38.8064 -55.9609 7.2482 1
134303 -37.7649 -55.4696 7.7573 1
134511 -42.9698 -52.0022 5.0714 1
134745 -42.1310 -54.7973 5.3309 1
135200 -33.1021 -51.8475 -1.0764 1
136063 -35.9428 -60.3261 5.9586 1
138298 -36.4557 -52.9369 -0.9367 1
139358 -41.4970 -56.1460 4.3587 1
139492 -36.2758 -50.7850 -0.2007 1
143589 -31.9925 -60.0198 7.5523 1
145187 -36.7312 -53.6402 -1.8718 1
146144 -38.9955 -59.5288 5.3077 1
146597 -34.9931 -61.4516 3.1918 1
146739 -41.9537 -55.0758 3.7198 1
