# opus stage2 label
20
52241 -33.5305 -11.5235 1.7681 1
52254 -33.0740 -10.9611 0.2433 1
52270 -33.0034 -9.6259 -0.7293 1
53253 -33.5156 -8.1365 -1.7433 1
54271 -33.9864 -7.0975 -2.1332 1
55284 -34.4709 -6.3097 -2.2800 1
55304 -33.5860 -7.6496 -4.5887 1
55305 -34.1817 -6.6820 -3.5156 1
55315 -34.2105 -6.0440 -5.2163 1
56297 -34.5918 -5.9064 -2.2542 1
56298 -34.7909 -5.7999 -2.3512 1
56311 -34.8372 -5.5586 -3.1660 1
56312 -35.1023 -4.6794 -3.3799 1
56321 -35.5432 -3.7520 -4.3707 1
57319 -35.3848 -4.1792 -3.5985 1
57320 -35.2908 -3.6497 -3.9888 1
57336 -34.8508 -2.1842 -4.2710 1
125102 -35.0555 -3.6535 -3.7435 1
139486 -35.1332 -4.3707 -3.4288 1
145639 -35.1435 -3.2186 -4.4294 1
