# opus stage2 label
182
55038 -45.6097 -20.2475 -4.9995 1
55064 -45.7523 -19.9335 -5.1624 1
55079 -45.8366 -19.9822 -5.5488 1
55090 -46.1461 -20.1270 -5.9605 1
55109 -46.7124 -19.7989 -7.2499 1
55122 -46.8562 -20.2009 -7.9023 1
55989 -45.7056 -19.6990 -5.0793 1
55990 -45.7370 -19.4977 -5.0912 1
55991 -45.8266 -19.5664 -5.2240 1
56003 -45.7119 -19.0806 -5.0123 1
56004 -45.7666 -19.0508 -4.9980 1
56005 -46.2420 -18.5508 -5.0551 1
56022 -45.8486 -19.1549 -5.2069 1
56035 -46.1423 -19.2873 -5.6487 1
56044 -46.3551 -19.4299 -6.2685 1
56045 -46.6852 -18.8088 -6.6331 1
56058 -46.7601 -18.9668 -7.2340 1
56069 -46.9126 -19.2350 -7.9536 1
56949 -45.9690 -18.8454 -4.9585 1
56950 -46.1873 -18.6613 -5.0558 1
56959 -45.9943 -18.5130 -5.0186 1
56960 -45.9746 -18.6575 -4.9833 1
56961 -46.3602 -17.9535 -5.1955 1
56962 -46.3087 -18.0547 -5.2503 1
56963 -46.4564 -17.8188 -5.4297 1
56975 -45.9844 -18.4684 -5.1483 1
56991 -46.1050 -18.5121 -5.4836 1
56992 -46.5600 -17.9190 -5.9439 1
57001 -46.4227 -18.6789 -6.0889 1
57002 -46.7980 -18.0278 -6.5091 1
57020 -46.9384 -18.1005 -7.1297 1
57032 -47.0728 -18.2325 -7.8467 1
57039 -47.0259 -18.4206 -8.6911 1
57938 -46.6573 -17.1382 -5.3792 1
57939 -46.7312 -16.9866 -5.4281 1
57940 -46.5800 -17.4246 -5.4071 1
57941 -46.8429 -17.0168 -5.5936 1
57955 -46.3897 -17.8756 -5.3192 1
57956 -46.7539 -17.1558 -5.6147 1
57973 -46.4701 -17.8725 -5.5634 1
57974 -46.7734 -17.1597 -5.9120 1
57985 -46.9373 -17.2389 -6.3707 1
58003 -47.2837 -17.3271 -6.9859 1
58004 -48.0456 -16.6841 -7.4490 1
58022 -47.5818 -17.3821 -7.7092 1
58972 -46.9768 -16.2946 -5.5377 1
58973 -47.0004 -16.2635 -5.5127 1
58974 -47.0426 -16.2029 -5.5044 1
58975 -47.2468 -16.1396 -5.6220 1
58976 -47.6456 -15.7387 -5.8408 1
58989 -46.9799 -16.3427 -5.6313 1
59011 -47.0554 -16.3882 -5.8657 1
59019 -47.2640 -16.4742 -6.2374 1
59020 -47.9070 -15.8470 -6.6649 1
59033 -47.5920 -16.6143 -6.7991 1
59034 -48.1427 -16.0812 -7.1662 1
59054 -48.9914 -15.7672 -7.9585 1
60084 -47.3461 -15.6056 -5.6346 1
60085 -47.6699 -14.9872 -5.7433 1
60086 -47.6274 -15.0414 -5.7205 1
60101 -47.4795 -15.5138 -5.7184 1
60102 -47.7435 -14.8512 -5.8092 1
60125 -47.8051 -14.9726 -5.9463 1
60126 -48.2627 -14.4225 -6.3808 1
60143 -47.7460 -15.5038 -6.1941 1
60144 -48.3927 -14.8971 -6.7152 1
60153 -48.7705 -14.4128 -7.3054 1
60176 -49.4344 -14.4074 -8.0705 1
60177 -49.5220 -13.0740 -8.9495 1
61067 -47.8764 -14.2034 -5.8563 1
61068 -47.8279 -14.4604 -5.8096 1
61069 -47.7913 -14.3187 -5.7588 1
61070 -47.9058 -14.1956 -5.8382 1
61084 -47.8795 -14.6627 -5.8508 1
61085 -48.1237 -14.0010 -5.9119 1
61096 -48.2185 -13.9102 -6.2273 1
61112 -48.5192 -13.5455 -6.6081 1
61129 -49.0139 -12.7958 -7.6988 1
61143 -49.1879 -12.4003 -8.5757 1
62008 -47.9211 -13.5908 -5.8529 1
62009 -47.9617 -13.4733 -5.8691 1
62023 -48.3020 -13.3003 -6.0806 1
62024 -48.1060 -12.6722 -6.1721 1
62025 -48.0481 -12.8452 -5.9196 1
62037 -48.3173 -13.0903 -6.3509 1
62048 -48.5435 -12.8440 -6.6543 1
62050 -51.0140 -12.6613 -7.7352 1
62068 -48.8450 -11.7906 -8.2142 1
62069 -51.5201 -12.7821 -8.4809 1
63045 -48.0388 -12.8083 -5.9715 1
63061 -48.1208 -11.4744 -7.0281 1
63062 -48.2085 -12.1419 -6.5474 1
63063 -48.1292 -12.3622 -6.0461 1
63064 -48.1736 -12.1245 -6.3418 1
63071 -48.1444 -11.5161 -7.1099 1
63072 -48.8639 -11.8473 -6.9386 1
63080 -48.5714 -11.8312 -7.4488 1
63081 -50.5181 -12.2129 -7.5247 1
63082 -50.9544 -12.3149 -8.0849 1
63098 -48.5021 -10.7640 -8.4460 1
63099 -51.2934 -12.4904 -8.8777 1
64016 -48.1180 -11.4213 -6.9570 1
64017 -48.1647 -11.5165 -7.0589 1
64018 -48.2602 -11.6840 -7.1900 1
64019 -48.3616 -11.8215 -7.1476 1
64027 -48.1007 -10.7105 -7.5256 1
64028 -48.4952 -11.2820 -7.7615 1
64029 -48.5470 -11.5115 -7.6812 1
64030 -48.7962 -11.4886 -7.8476 1
64031 -49.9076 -11.7681 -7.5887 1
64040 -48.2330 -10.8267 -7.7978 1
64041 -49.2767 -11.4085 -8.1345 1
64042 -49.8731 -11.5886 -8.4096 1
64043 -50.5753 -12.0942 -8.5631 1
64055 -50.1260 -11.6898 -9.1400 1
64056 -50.8188 -12.2175 -9.4649 1
64955 -48.0835 -10.7298 -7.4091 1
64956 -48.0663 -10.6963 -7.2724 1
64957 -48.3408 -10.8846 -7.6618 1
64968 -48.0166 -10.0673 -7.8831 1
64969 -48.2802 -10.1503 -8.0609 1
64970 -48.5566 -10.6343 -8.2535 1
64971 -48.5459 -10.9844 -8.2338 1
64972 -48.9902 -10.8258 -8.3969 1
64982 -47.9849 -8.9592 -9.2605 1
64983 -49.3700 -10.8884 -8.6065 1
64984 -49.3621 -10.5852 -9.1570 1
64997 -49.7613 -11.1644 -9.5372 1
64998 -50.3498 -11.7941 -9.9611 1
65010 -50.0135 -11.2132 -10.3232 1
65011 -50.7073 -11.8584 -10.8313 1
65858 -48.0141 -8.7980 -9.5387 1
65859 -48.1615 -9.3511 -8.7805 1
65860 -48.3780 -9.7126 -8.7887 1
65861 -48.4667 -10.0180 -8.7625 1
65862 -48.5194 -10.2937 -8.7822 1
65863 -48.5806 -10.4045 -8.7433 1
65877 -47.9206 -8.5753 -9.7156 1
65878 -48.4155 -9.7438 -9.3412 1
65879 -48.9503 -10.2019 -9.0119 1
65890 -49.0754 -9.9888 -9.4884 1
65891 -49.4527 -10.4473 -9.8204 1
65906 -50.3802 -11.2829 -11.2383 1
66811 -47.9996 -8.5607 -9.9182 1
66812 -48.1115 -9.0681 -9.6270 1
66813 -48.2094 -9.4595 -9.4104 1
66814 -48.4318 -9.7280 -9.1911 1
66827 -47.9188 -8.2405 -10.3194 1
66828 -48.0675 -8.6488 -10.0187 1
66829 -48.2065 -9.1816 -9.7665 1
66830 -48.2382 -8.9800 -9.9168 1
135329 -47.3620 -15.6390 -5.6490 1
135405 -48.7451 -12.7328 -7.1861 1
135650 -48.0303 -9.8167 -8.1492 1
136169 -48.2844 -9.6237 -9.0241 1
137254 -50.4273 -11.9729 -7.9432 1
137986 -48.2729 -12.3087 -6.5158 1
139190 -48.6605 -13.7988 -7.0244 1
139197 -49.1654 -13.4881 -7.8289 1
139569 -46.5192 -17.5239 -5.3321 1
140022 -47.4365 -15.7517 -5.8426 1
140534 -46.2984 -18.0013 -5.1810 1
140940 -48.4894 -9.3868 -9.8792 1
141850 -45.7178 -19.7120 -5.0837 1
142447 -48.0912 -9.3794 -8.6915 1
142979 -47.3615 -15.6212 -5.6408 1
144804 -46.7755 -16.8193 -5.4215 1
145037 -48.6573 -15.2773 -7.2279 1
145421 -48.2303 -12.0798 -6.6274 1
146897 -48.3776 -12.2233 -6.8419 1
146936 -48.4440 -10.3084 -8.3170 1
147359 -48.0418 -10.0145 -7.9903 1
152472 -45.6240 -20.1417 -5.0096 1
153992 -48.0554 -9.3794 -8.6210 1
154519 -46.9949 -19.0697 -8.5965 1
155157 -48.2031 -12.0307 -6.6627 1
155455 -49.6369 -11.1874 -8.9481 1
155614 -49.3219 -11.5406 -7.6768 1
155964 -46.1941 -18.1988 -5.0404 1
157831 -46.8695 -16.7475 -5.5191 1
160249 -48.2719 -11.6345 -7.2953 1
161463 -46.5817 -19.4506 -6.7661 1
