# Freesurfer label: sub-05 rnd2 tmax2 day1VB unionROI
175
38314 -37.468000 -34.991000 -7.738000 1
38322 -38.249000 -35.164000 -8.180000 1
38323 -38.950000 -35.814000 -8.405000 1
38324 -39.672000 -35.655000 -8.921000 1
38333 -40.215000 -35.603000 -9.583000 1
39458 -37.139000 -34.122000 -7.805000 1
39466 -38.003000 -34.225000 -8.291000 1
39467 -38.856000 -34.932000 -8.649000 1
39473 -38.760000 -34.065000 -8.991000 1
39474 -39.480000 -34.782000 -9.289000 1
39482 -39.982000 -34.695000 -10.022000 1
39483 -40.214000 -34.636000 -10.876000 1
40551 -36.037000 -33.316000 -7.313000 1
40552 -36.803000 -33.286000 -7.770000 1
40553 -37.421000 -33.622000 -8.110000 1
40558 -37.407000 -32.986000 -8.279000 1
40559 -37.805000 -33.460000 -8.439000 1
40560 -38.258000 -33.544000 -8.737000 1
40565 -39.321000 -33.884000 -9.686000 1
40573 -39.759000 -33.756000 -10.429000 1
40574 -40.190000 -33.674000 -11.133000 1
40589 -40.655000 -33.520000 -11.857000 1
41655 -35.759000 -32.026000 -7.172000 1
41656 -36.237000 -32.586000 -7.555000 1
41664 -36.871000 -32.396000 -8.068000 1
41665 -37.538000 -32.251000 -8.588000 1
41666 -37.986000 -32.928000 -8.750000 1
41669 -38.209000 -32.231000 -9.145000 1
41670 -38.641000 -33.131000 -9.334000 1
41671 -39.279000 -33.009000 -10.054000 1
41681 -39.846000 -32.792000 -10.728000 1
41682 -40.291000 -32.938000 -11.323000 1
41695 -40.192000 -32.201000 -11.289000 1
41696 -40.551000 -32.626000 -11.699000 1
41715 -40.915000 -32.691000 -12.252000 1
42750 -35.469000 -31.596000 -6.559000 1
42766 -35.944000 -31.190000 -7.151000 1
42767 -36.367000 -31.739000 -7.713000 1
42779 -37.043000 -31.537000 -8.316000 1
42783 -37.759000 -31.468000 -8.890000 1
42784 -38.456000 -31.374000 -9.535000 1
42785 -38.834000 -32.270000 -9.776000 1
42796 -39.029000 -30.787000 -9.936000 1
42797 -39.171000 -31.590000 -10.136000 1
42798 -39.589000 -30.989000 -10.563000 1
42810 -39.716000 -31.833000 -10.735000 1
42811 -40.213000 -31.211000 -11.300000 1
42835 -40.655000 -31.908000 -11.856000 1
42836 -41.110000 -31.847000 -12.555000 1
43823 -36.500000 -30.096000 -5.283000 1
43836 -35.764000 -30.845000 -6.364000 1
43837 -36.267000 -30.234000 -6.078000 1
43850 -36.280000 -30.441000 -6.893000 1
43851 -36.810000 -29.924000 -7.241000 1
43863 -36.642000 -30.766000 -7.740000 1
43864 -37.422000 -30.651000 -8.517000 1
43865 -38.006000 -30.148000 -8.975000 1
43875 -37.974000 -30.817000 -9.128000 1
43876 -38.459000 -30.497000 -9.461000 1
43877 -38.956000 -30.011000 -9.710000 1
43891 -39.479000 -30.175000 -10.259000 1
43892 -40.047000 -30.298000 -10.858000 1
43904 -40.548000 -30.278000 -11.540000 1
43905 -40.991000 -30.128000 -12.085000 1
43924 -40.861000 -30.979000 -12.121000 1
43925 -41.345000 -30.392000 -12.605000 1
43948 -41.758000 -30.694000 -13.312000 1
44829 -37.718000 -29.673000 -4.962000 1
44830 -38.551000 -29.747000 -4.767000 1
44831 -39.443000 -30.018000 -4.594000 1
44836 -36.813000 -29.684000 -5.894000 1
44837 -37.526000 -29.385000 -5.690000 1
44838 -38.338000 -29.275000 -5.425000 1
44839 -39.199000 -29.332000 -5.229000 1
44840 -40.028000 -29.531000 -5.103000 1
44853 -36.648000 -29.880000 -6.547000 1
44854 -37.255000 -29.367000 -6.604000 1
44855 -38.105000 -28.958000 -6.188000 1
44856 -41.513000 -28.948000 -6.186000 1
44867 -37.435000 -29.479000 -7.551000 1
44868 -38.050000 -29.051000 -7.968000 1
44878 -37.679000 -29.777000 -8.335000 1
44879 -38.329000 -29.343000 -8.778000 1
44890 -38.880000 -29.315000 -9.364000 1
44891 -39.397000 -29.396000 -9.899000 1
44902 -39.919000 -29.480000 -10.466000 1
44903 -40.435000 -29.520000 -11.055000 1
44921 -40.912000 -29.494000 -11.673000 1
44922 -41.452000 -29.492000 -12.338000 1
44942 -42.088000 -29.127000 -12.968000 1
44963 -41.731000 -29.911000 -12.976000 1
44964 -42.175000 -29.886000 -13.528000 1
44965 -43.108000 -28.866000 -13.955000 1
44982 -44.042000 -28.863000 -15.082000 1
44997 -44.331000 -29.269000 -15.830000 1
45894 -38.968000 -28.797000 -5.887000 1
45895 -39.921000 -28.838000 -5.723000 1
45896 -40.817000 -28.840000 -5.958000 1
45908 -37.944000 -28.865000 -7.095000 1
45909 -38.738000 -28.576000 -6.706000 1
45910 -39.557000 -28.425000 -6.473000 1
45911 -40.363000 -28.374000 -6.420000 1
45912 -41.151000 -28.430000 -6.550000 1
45913 -41.944000 -28.625000 -6.695000 1
45924 -38.605000 -28.556000 -7.540000 1
45925 -39.304000 -28.239000 -7.248000 1
45926 -40.054000 -27.995000 -7.043000 1
45927 -41.483000 -27.954000 -7.239000 1
45928 -42.408000 -28.238000 -7.373000 1
45940 -38.664000 -28.667000 -8.298000 1
45941 -39.287000 -28.305000 -8.553000 1
45942 -42.926000 -27.886000 -8.052000 1
45951 -38.876000 -28.812000 -8.910000 1
45952 -39.445000 -28.631000 -9.375000 1
45953 -40.180000 -28.199000 -9.722000 1
45962 -39.835000 -28.833000 -10.034000 1
45963 -40.428000 -28.681000 -10.518000 1
45964 -41.159000 -28.282000 -10.819000 1
45981 -40.831000 -28.911000 -11.178000 1
45982 -41.415000 -28.687000 -11.625000 1
45983 -42.101000 -28.101000 -11.775000 1
46004 -41.861000 -28.728000 -12.276000 1
46005 -42.470000 -28.263000 -12.471000 1
46006 -43.303000 -27.608000 -12.616000 1
46027 -42.807000 -28.500000 -13.223000 1
46028 -43.521000 -28.011000 -13.546000 1
46029 -44.230000 -27.590000 -13.938000 1
46040 -43.766000 -28.422000 -14.337000 1
46041 -44.433000 -27.974000 -14.731000 1
46055 -44.715000 -28.386000 -15.480000 1
46889 -39.823000 -27.890000 -7.917000 1
46890 -40.667000 -27.753000 -7.542000 1
46891 -41.304000 -27.602000 -7.923000 1
46892 -42.067000 -27.660000 -7.962000 1
46906 -40.660000 -27.631000 -8.363000 1
46907 -41.585000 -27.478000 -8.683000 1
46908 -42.540000 -27.522000 -8.786000 1
46916 -39.956000 -27.906000 -8.888000 1
46917 -40.767000 -27.667000 -9.251000 1
46918 -41.593000 -27.502000 -9.607000 1
46919 -42.385000 -27.400000 -9.638000 1
46920 -43.181000 -27.469000 -9.482000 1
46933 -40.902000 -27.904000 -10.092000 1
46934 -41.603000 -27.697000 -10.366000 1
46935 -42.312000 -27.473000 -10.480000 1
46936 -43.643000 -27.301000 -10.170000 1
46937 -44.450000 -27.394000 -10.229000 1
46956 -41.793000 -27.899000 -11.084000 1
46957 -43.120000 -27.301000 -10.907000 1
46958 -44.040000 -27.120000 -10.937000 1
46959 -44.861000 -27.202000 -11.020000 1
46980 -42.804000 -27.582000 -11.808000 1
46981 -44.728000 -26.915000 -12.538000 1
46982 -45.676000 -26.883000 -12.820000 1
47004 -44.075000 -27.243000 -13.093000 1
47005 -44.880000 -26.979000 -13.438000 1
47006 -45.713000 -26.873000 -13.868000 1
48036 -46.038000 -26.893000 -14.352000 1
132419 -37.143000 -30.093000 -7.917000 1
139447 -44.437000 -27.016000 -11.720000 1
139487 -41.338000 -31.129000 -12.781000 1
140800 -45.255000 -27.039000 -11.855000 1
141644 -35.698000 -32.723000 -7.126000 1
142065 -42.947000 -27.347000 -10.116000 1
144215 -44.023000 -27.067000 -12.335000 1
144290 -39.091000 -28.238000 -7.907000 1
145528 -39.371000 -32.290000 -10.287000 1
147657 -43.620000 -27.173000 -11.714000 1
151946 -40.728000 -28.032000 -6.940000 1
152673 -46.296000 -26.971000 -13.428000 1
153336 -42.566000 -29.230000 -13.593000 1
154236 -38.490000 -29.849000 -9.295000 1
155898 -42.410000 -27.611000 -11.224000 1
156853 -41.961000 -27.447000 -10.028000 1
159040 -42.044000 -27.392000 -9.146000 1
