# Freesurfer label: sub-05 rnd10 tmax1 day6BCBL unionROI
236
45064 -37.947000 -29.508000 -20.211000 1
46107 -37.658000 -28.720000 -19.626000 1
46108 -38.494000 -28.234000 -19.950000 1
46125 -38.409000 -28.923000 -20.261000 1
47079 -37.812000 -27.784000 -19.333000 1
47080 -38.676000 -27.401000 -19.704000 1
47081 -39.532000 -26.996000 -20.237000 1
47096 -41.138000 -27.022000 -21.974000 1
47999 -35.816000 -26.329000 -11.625000 1
48019 -35.233000 -26.270000 -12.463000 1
48067 -37.186000 -26.008000 -17.883000 1
48079 -37.580000 -26.428000 -18.486000 1
48080 -38.390000 -26.082000 -18.877000 1
48090 -38.049000 -26.910000 -19.107000 1
48091 -38.919000 -26.559000 -19.508000 1
48092 -39.683000 -26.267000 -19.997000 1
48105 -40.585000 -26.485000 -20.842000 1
48106 -41.569000 -26.138000 -21.971000 1
48960 -35.661000 -25.510000 -12.164000 1
48961 -36.273000 -25.587000 -11.449000 1
48962 -37.441000 -25.343000 -10.705000 1
48976 -36.112000 -24.824000 -11.891000 1
48987 -35.378000 -25.520000 -13.114000 1
49024 -36.394000 -25.422000 -16.564000 1
49025 -36.946000 -24.841000 -16.998000 1
49043 -37.417000 -25.262000 -17.649000 1
49051 -37.856000 -25.625000 -18.296000 1
49052 -38.591000 -25.236000 -18.701000 1
49053 -39.257000 -24.734000 -19.082000 1
49063 -39.284000 -25.636000 -19.416000 1
49064 -40.242000 -25.650000 -20.243000 1
49065 -40.881000 -24.946000 -20.700000 1
49080 -41.036000 -25.674000 -21.098000 1
49867 -36.737000 -24.842000 -11.129000 1
49879 -35.800000 -24.820000 -12.776000 1
49880 -36.260000 -24.199000 -12.475000 1
49888 -36.141000 -24.236000 -13.401000 1
49913 -36.562000 -24.406000 -15.711000 1
49914 -37.023000 -23.195000 -15.507000 1
49927 -36.574000 -24.804000 -16.283000 1
49928 -36.937000 -24.234000 -16.378000 1
49940 -37.391000 -24.094000 -17.017000 1
49941 -37.966000 -24.059000 -17.592000 1
49947 -37.557000 -24.602000 -17.471000 1
49948 -38.100000 -24.769000 -18.055000 1
49949 -39.181000 -24.026000 -18.722000 1
49958 -39.839000 -24.086000 -19.420000 1
49991 -41.540000 -24.972000 -23.088000 1
50786 -36.668000 -23.615000 -12.099000 1
50798 -36.874000 -22.945000 -12.652000 1
50810 -36.529000 -23.586000 -13.043000 1
50811 -36.862000 -23.005000 -13.626000 1
50826 -36.528000 -23.677000 -14.010000 1
50827 -36.893000 -23.099000 -14.582000 1
50843 -36.620000 -23.873000 -15.011000 1
50855 -37.245000 -23.439000 -16.415000 1
50862 -37.695000 -23.425000 -17.217000 1
50863 -38.292000 -23.387000 -17.798000 1
50868 -38.907000 -23.353000 -18.417000 1
50869 -39.588000 -23.354000 -19.073000 1
50901 -41.014000 -23.478000 -22.489000 1
50905 -39.871000 -23.508000 -23.052000 1
50906 -40.525000 -23.507000 -22.826000 1
51728 -38.913000 -21.971000 -9.643000 1
51750 -37.364000 -22.238000 -11.150000 1
51765 -37.050000 -22.245000 -12.255000 1
51779 -36.984000 -22.311000 -13.241000 1
51790 -36.998000 -22.388000 -14.186000 1
51802 -37.092000 -22.457000 -15.117000 1
51809 -37.292000 -22.521000 -16.119000 1
51817 -37.531000 -22.865000 -16.847000 1
51818 -37.951000 -22.743000 -17.447000 1
51826 -38.541000 -22.651000 -18.104000 1
51837 -39.618000 -21.711000 -19.293000 1
51849 -41.196000 -22.535000 -21.452000 1
51857 -41.121000 -22.590000 -22.236000 1
51862 -39.956000 -22.634000 -22.932000 1
51863 -40.581000 -22.716000 -22.706000 1
52715 -38.534000 -21.110000 -9.707000 1
52716 -39.560000 -21.200000 -9.589000 1
52725 -37.394000 -21.220000 -10.904000 1
52726 -37.977000 -21.847000 -10.175000 1
52728 -40.422000 -21.648000 -9.837000 1
52729 -41.192000 -22.019000 -10.375000 1
52741 -37.100000 -21.450000 -11.894000 1
52743 -42.484000 -21.590000 -11.895000 1
52757 -36.966000 -21.580000 -12.876000 1
52758 -42.927000 -21.772000 -12.540000 1
52768 -36.945000 -21.676000 -13.808000 1
52779 -37.000000 -21.753000 -14.718000 1
52789 -37.154000 -21.798000 -15.596000 1
52794 -37.365000 -21.696000 -16.419000 1
52802 -37.590000 -21.552000 -17.121000 1
52803 -38.086000 -21.908000 -17.714000 1
52818 -38.367000 -21.241000 -18.213000 1
52819 -38.990000 -20.999000 -18.804000 1
52846 -41.079000 -21.695000 -21.931000 1
52851 -39.389000 -21.155000 -22.855000 1
52852 -39.972000 -21.239000 -22.691000 1
52853 -40.417000 -20.869000 -22.257000 1
53727 -38.279000 -20.273000 -9.740000 1
53728 -39.029000 -20.435000 -9.452000 1
53729 -39.819000 -20.307000 -9.534000 1
53739 -37.389000 -20.325000 -10.729000 1
53740 -37.804000 -20.826000 -10.153000 1
53741 -40.592000 -19.819000 -9.929000 1
53742 -41.153000 -20.511000 -10.347000 1
53757 -41.748000 -20.298000 -11.116000 1
53758 -42.398000 -20.495000 -11.974000 1
53775 -42.919000 -20.249000 -12.819000 1
53783 -36.816000 -20.943000 -13.452000 1
53791 -36.715000 -20.329000 -14.942000 1
53799 -37.040000 -20.497000 -15.847000 1
53804 -37.363000 -20.867000 -16.747000 1
53817 -37.830000 -21.019000 -17.632000 1
53818 -38.351000 -20.339000 -18.311000 1
53839 -39.162000 -20.096000 -19.101000 1
53840 -39.716000 -20.668000 -19.565000 1
53847 -40.322000 -20.103000 -20.556000 1
53848 -40.599000 -19.839000 -21.501000 1
53855 -40.512000 -19.980000 -22.077000 1
53858 -39.047000 -20.336000 -22.868000 1
53859 -39.624000 -20.335000 -22.766000 1
53860 -40.005000 -20.380000 -22.575000 1
53861 -40.214000 -19.989000 -22.382000 1
54800 -38.844000 -19.620000 -9.433000 1
54801 -39.738000 -19.558000 -9.486000 1
54813 -37.436000 -19.513000 -10.497000 1
54814 -37.994000 -19.508000 -9.837000 1
54815 -41.276000 -19.786000 -10.571000 1
54831 -37.040000 -19.679000 -11.343000 1
54832 -41.666000 -19.376000 -11.130000 1
54833 -42.121000 -18.976000 -11.741000 1
54848 -36.765000 -19.872000 -12.381000 1
54849 -42.540000 -19.476000 -12.400000 1
54871 -36.643000 -19.543000 -14.537000 1
54879 -36.988000 -19.494000 -15.570000 1
54887 -37.380000 -18.967000 -16.450000 1
54901 -37.660000 -20.136000 -17.467000 1
54902 -38.118000 -19.406000 -17.985000 1
54909 -38.796000 -19.366000 -18.742000 1
54916 -39.529000 -19.234000 -19.500000 1
54917 -40.218000 -19.181000 -20.315000 1
54922 -40.588000 -19.191000 -21.191000 1
54923 -40.605000 -19.219000 -21.938000 1
54929 -40.289000 -19.315000 -22.348000 1
54933 -38.631000 -19.520000 -22.670000 1
54934 -39.448000 -19.435000 -22.817000 1
54935 -39.912000 -19.507000 -22.641000 1
55813 -38.401000 -18.752000 -9.609000 1
55814 -39.366000 -18.766000 -9.422000 1
55826 -37.639000 -18.741000 -10.139000 1
55827 -37.932000 -17.947000 -9.821000 1
55829 -41.108000 -18.952000 -10.430000 1
55843 -37.070000 -18.678000 -11.055000 1
55844 -41.696000 -18.553000 -11.122000 1
55845 -42.221000 -18.167000 -11.677000 1
55856 -36.823000 -18.097000 -12.164000 1
55868 -36.807000 -18.110000 -13.298000 1
55883 -36.624000 -18.918000 -13.874000 1
55889 -37.193000 -17.875000 -15.114000 1
55897 -37.588000 -18.230000 -16.402000 1
55910 -37.790000 -18.449000 -17.069000 1
55911 -38.055000 -18.710000 -17.681000 1
55918 -38.587000 -18.577000 -18.344000 1
55919 -39.691000 -17.519000 -19.741000 1
55928 -39.288000 -18.459000 -19.166000 1
55929 -39.972000 -18.351000 -20.081000 1
55937 -40.544000 -18.366000 -20.992000 1
55938 -40.632000 -18.578000 -21.712000 1
55945 -40.102000 -17.996000 -22.573000 1
55951 -39.104000 -18.458000 -22.801000 1
55952 -39.782000 -18.580000 -22.775000 1
55953 -40.078000 -18.762000 -22.566000 1
56876 -37.152000 -17.635000 -11.182000 1
56899 -37.035000 -17.453000 -13.709000 1
56914 -36.954000 -17.961000 -14.277000 1
56921 -37.533000 -17.062000 -15.111000 1
56931 -37.607000 -17.558000 -15.933000 1
56946 -37.979000 -17.650000 -16.823000 1
56969 -39.806000 -16.574000 -20.407000 1
56980 -40.495000 -17.714000 -21.875000 1
56985 -39.389000 -16.783000 -22.637000 1
56986 -40.027000 -17.032000 -22.460000 1
56987 -39.681000 -17.630000 -22.814000 1
58028 -39.596000 -16.204000 -22.088000 1
132962 -36.852000 -18.703000 -14.866000 1
133000 -36.638000 -20.210000 -13.961000 1
135151 -36.606000 -19.647000 -13.343000 1
135393 -40.622000 -21.883000 -22.482000 1
135589 -36.862000 -25.685000 -10.938000 1
136098 -40.157000 -22.083000 -22.801000 1
137063 -37.629000 -19.257000 -17.240000 1
138738 -37.266000 -18.481000 -15.718000 1
138967 -41.534000 -21.161000 -10.726000 1
139207 -42.837000 -21.072000 -12.594000 1
139238 -37.343000 -16.848000 -11.201000 1
139746 -40.488000 -20.788000 -9.825000 1
140391 -36.666000 -18.947000 -12.828000 1
141434 -42.121000 -19.720000 -11.663000 1
142164 -39.930000 -22.618000 -19.543000 1
142170 -39.735000 -21.826000 -22.872000 1
142509 -37.052000 -22.989000 -11.684000 1
143131 -36.811000 -21.018000 -14.359000 1
143376 -40.022000 -24.870000 -19.795000 1
143460 -40.281000 -18.853000 -9.732000 1
143916 -36.905000 -21.113000 -15.252000 1
144333 -37.329000 -19.882000 -16.558000 1
145160 -36.715000 -20.308000 -13.134000 1
145292 -37.586000 -22.219000 -16.964000 1
145359 -36.791000 -19.056000 -11.937000 1
145433 -38.388000 -17.834000 -17.743000 1
145736 -37.143000 -21.205000 -15.979000 1
146734 -36.254000 -24.562000 -15.090000 1
146982 -38.775000 -21.864000 -18.496000 1
147086 -38.558000 -24.031000 -18.154000 1
147687 -37.456000 -18.032000 -10.476000 1
147820 -39.069000 -17.666000 -18.730000 1
147996 -41.020000 -24.200000 -22.806000 1
148206 -40.675000 -20.762000 -21.428000 1
148244 -41.318000 -18.170000 -10.610000 1
148451 -39.249000 -22.601000 -18.773000 1
148869 -39.807000 -19.870000 -19.755000 1
151140 -40.145000 -16.662000 -21.580000 1
151918 -40.316000 -17.436000 -20.803000 1
152593 -37.279000 -16.741000 -13.677000 1
153264 -40.997000 -21.232000 -10.162000 1
153527 -43.180000 -20.818000 -13.164000 1
154187 -37.280000 -17.179000 -14.330000 1
154726 -38.727000 -24.554000 -18.541000 1
155912 -36.525000 -24.252000 -11.722000 1
156522 -37.236000 -17.525000 -14.707000 1
158465 -37.741000 -20.096000 -10.139000 1
158583 -36.562000 -19.582000 -13.931000 1
158995 -36.868000 -23.818000 -15.809000 1
159029 -39.345000 -19.988000 -9.399000 1
