# Freesurfer label: sub-05 rnd8 tmax2 day1VB unionROI
123
50907 -47.793000 -23.111000 -23.369000 1
51864 -47.556000 -22.466000 -22.754000 1
51866 -47.968000 -22.278000 -23.656000 1
52796 -45.597000 -21.729000 -17.056000 1
52804 -46.093000 -21.594000 -17.803000 1
52847 -47.428000 -20.627000 -22.307000 1
52854 -47.881000 -20.798000 -23.355000 1
52855 -50.418000 -20.995000 -23.584000 1
52856 -48.271000 -21.422000 -23.908000 1
52858 -50.185000 -20.964000 -24.074000 1
53805 -44.740000 -20.118000 -16.106000 1
53806 -45.340000 -20.284000 -17.159000 1
53819 -45.605000 -20.208000 -17.783000 1
53820 -45.996000 -20.660000 -18.192000 1
53831 -45.737000 -19.629000 -18.484000 1
53832 -46.245000 -20.307000 -19.078000 1
53841 -46.580000 -20.019000 -20.027000 1
53850 -47.486000 -19.832000 -21.962000 1
53856 -48.095000 -19.924000 -22.920000 1
53862 -48.809000 -20.025000 -23.770000 1
53863 -49.717000 -19.766000 -23.723000 1
53864 -50.179000 -20.186000 -23.556000 1
53865 -48.677000 -20.688000 -24.042000 1
53866 -49.623000 -20.361000 -24.087000 1
54872 -43.636000 -19.733000 -14.549000 1
54880 -43.815000 -18.854000 -15.145000 1
54881 -44.178000 -19.727000 -15.489000 1
54888 -44.570000 -19.331000 -16.190000 1
54889 -45.004000 -19.585000 -16.795000 1
54903 -45.384000 -19.536000 -17.615000 1
54910 -46.162000 -19.375000 -19.421000 1
54918 -47.221000 -18.555000 -20.256000 1
54924 -46.729000 -19.191000 -20.377000 1
54925 -47.472000 -19.180000 -21.404000 1
54930 -48.348000 -19.166000 -22.421000 1
54931 -49.613000 -18.818000 -22.830000 1
54936 -49.178000 -19.374000 -23.321000 1
54937 -50.023000 -19.365000 -23.216000 1
55857 -42.532000 -18.564000 -12.337000 1
55869 -42.800000 -18.862000 -12.923000 1
55870 -43.229000 -18.674000 -13.558000 1
55884 -43.529000 -18.805000 -14.351000 1
55885 -43.788000 -18.078000 -14.761000 1
55890 -44.085000 -18.236000 -15.457000 1
55891 -44.526000 -18.011000 -15.986000 1
55898 -44.271000 -18.742000 -15.857000 1
55899 -44.796000 -18.624000 -16.616000 1
55912 -45.373000 -18.412000 -17.265000 1
55913 -45.873000 -18.257000 -17.852000 1
55920 -45.530000 -18.862000 -18.080000 1
55921 -46.036000 -18.575000 -18.676000 1
55922 -46.829000 -18.310000 -19.177000 1
55930 -46.303000 -18.834000 -19.517000 1
55931 -48.458000 -17.972000 -20.687000 1
55939 -48.032000 -18.566000 -21.301000 1
55947 -48.106000 -18.843000 -21.868000 1
55948 -48.922000 -18.526000 -22.180000 1
56917 -44.975000 -17.184000 -14.790000 1
56922 -44.386000 -17.713000 -15.239000 1
56923 -45.096000 -17.480000 -15.618000 1
56933 -45.276000 -17.824000 -16.534000 1
56948 -45.757000 -17.938000 -17.180000 1
56949 -46.425000 -17.753000 -17.438000 1
56950 -47.294000 -17.541000 -17.717000 1
56951 -48.157000 -17.233000 -18.081000 1
56961 -46.589000 -18.019000 -18.266000 1
56962 -47.504000 -17.736000 -18.643000 1
56963 -48.448000 -17.337000 -19.090000 1
56964 -49.353000 -16.814000 -19.661000 1
57943 -45.173000 -16.085000 -13.686000 1
57954 -45.479000 -16.519000 -14.355000 1
57955 -46.240000 -16.193000 -14.599000 1
57965 -45.742000 -16.927000 -15.072000 1
57978 -48.385000 -16.334000 -16.730000 1
57986 -47.910000 -17.010000 -17.182000 1
57987 -48.654000 -16.594000 -17.583000 1
57988 -49.429000 -16.192000 -18.013000 1
57999 -48.947000 -16.729000 -18.574000 1
58000 -49.812000 -16.299000 -19.082000 1
58925 -45.444000 -15.211000 -13.438000 1
58926 -45.984000 -14.957000 -13.796000 1
58934 -45.823000 -15.711000 -14.016000 1
58935 -46.512000 -15.204000 -14.300000 1
58961 -49.336000 -15.230000 -16.734000 1
58966 -49.076000 -15.956000 -17.122000 1
58967 -49.742000 -15.532000 -17.507000 1
59883 -45.709000 -14.341000 -13.427000 1
59890 -46.320000 -14.320000 -13.903000 1
59891 -46.878000 -14.330000 -14.397000 1
60972 -45.348000 -13.522000 -13.111000 1
60973 -45.986000 -13.559000 -13.655000 1
60980 -46.553000 -13.544000 -14.150000 1
60981 -47.118000 -13.537000 -14.607000 1
61993 -44.767000 -12.596000 -13.072000 1
61994 -45.591000 -12.787000 -13.585000 1
61995 -46.182000 -12.942000 -13.966000 1
62002 -45.888000 -12.278000 -14.173000 1
62003 -46.639000 -12.688000 -14.529000 1
62010 -47.051000 -12.002000 -15.254000 1
62934 -45.151000 -12.010000 -13.780000 1
62941 -44.577000 -11.505000 -14.274000 1
62942 -45.399000 -11.631000 -14.521000 1
62943 -46.181000 -11.815000 -14.824000 1
62949 -44.803000 -11.215000 -15.035000 1
62950 -45.623000 -11.280000 -15.237000 1
62951 -46.301000 -11.388000 -15.423000 1
62961 -46.684000 -11.280000 -15.800000 1
63894 -44.159000 -11.062000 -15.691000 1
63895 -44.965000 -11.097000 -15.863000 1
63896 -45.902000 -10.891000 -16.012000 1
63906 -45.100000 -11.052000 -16.717000 1
63907 -46.617000 -10.984000 -16.494000 1
136561 -45.650000 -20.934000 -17.461000 1
142523 -47.460000 -21.526000 -22.495000 1
144138 -45.289000 -21.021000 -16.793000 1
145796 -47.723000 -21.690000 -23.274000 1
146470 -45.168000 -18.944000 -17.302000 1
147905 -47.219000 -20.467000 -21.443000 1
153632 -45.888000 -10.912000 -16.804000 1
154768 -45.818000 -18.986000 -18.908000 1
154857 -43.535000 -18.211000 -14.062000 1
155644 -45.078000 -20.395000 -16.584000 1
158246 -47.246000 -18.898000 -20.849000 1
