# Freesurfer label: sub-05 rnd9 tmax2 day5BCBL unionROI
128
12408 -30.847000 -59.207000 -24.516000 1
13463 -31.540000 -57.870000 -22.606000 1
13468 -31.546000 -58.409000 -23.391000 1
13469 -32.144000 -58.011000 -23.362000 1
13476 -31.663000 -58.742000 -24.184000 1
13477 -32.470000 -58.272000 -24.182000 1
14631 -32.315000 -57.356000 -22.840000 1
14639 -33.596000 -56.963000 -23.897000 1
14648 -32.832000 -57.575000 -23.603000 1
14649 -33.291000 -57.760000 -24.458000 1
15754 -31.381000 -56.718000 -21.419000 1
15755 -31.986000 -56.353000 -21.710000 1
15761 -31.836000 -57.091000 -22.085000 1
15762 -32.483000 -56.627000 -22.367000 1
15763 -33.088000 -56.118000 -22.664000 1
15772 -33.014000 -56.880000 -23.059000 1
15773 -33.490000 -56.369000 -23.285000 1
16868 -31.416000 -55.542000 -20.781000 1
16869 -31.867000 -54.818000 -20.857000 1
16882 -31.553000 -56.102000 -21.192000 1
16883 -31.987000 -55.621000 -21.337000 1
16884 -32.575000 -55.849000 -21.962000 1
16898 -33.213000 -55.207000 -22.316000 1
16912 -33.669000 -55.689000 -23.098000 1
17904 -31.292000 -54.256000 -20.363000 1
17923 -32.419000 -54.371000 -21.196000 1
17924 -33.001000 -54.394000 -21.721000 1
17943 -33.619000 -54.334000 -22.389000 1
18949 -31.301000 -53.385000 -20.425000 1
18950 -31.979000 -53.884000 -20.734000 1
18961 -32.655000 -53.663000 -21.264000 1
18962 -33.360000 -53.628000 -21.860000 1
18971 -33.966000 -53.589000 -22.528000 1
19942 -31.287000 -52.548000 -20.600000 1
19943 -32.141000 -52.872000 -20.816000 1
19956 -32.993000 -52.844000 -21.446000 1
19966 -33.719000 -52.863000 -22.051000 1
19967 -34.354000 -52.906000 -22.719000 1
19977 -29.662000 -52.744000 -23.130000 1
19978 -30.226000 -52.275000 -23.566000 1
19990 -30.514000 -52.649000 -24.427000 1
19991 -31.085000 -52.160000 -24.850000 1
20004 -30.820000 -52.954000 -25.206000 1
20005 -31.346000 -52.635000 -25.697000 1
20006 -31.818000 -52.179000 -26.175000 1
20020 -32.352000 -52.299000 -27.003000 1
21010 -31.175000 -51.893000 -20.902000 1
21011 -31.879000 -51.994000 -20.893000 1
21028 -30.637000 -51.653000 -21.498000 1
21029 -31.485000 -51.391000 -21.309000 1
21030 -32.299000 -51.403000 -21.325000 1
21031 -33.047000 -51.391000 -21.580000 1
21043 -31.087000 -50.984000 -21.931000 1
21044 -33.831000 -51.402000 -21.952000 1
21045 -34.554000 -51.495000 -22.523000 1
21046 -35.208000 -51.465000 -23.131000 1
21078 -30.787000 -51.765000 -23.977000 1
21079 -31.347000 -51.268000 -24.414000 1
21099 -31.667000 -51.628000 -25.379000 1
21100 -32.219000 -51.514000 -26.152000 1
21115 -32.854000 -51.349000 -26.822000 1
21116 -33.558000 -51.107000 -27.481000 1
22125 -31.895000 -50.764000 -21.696000 1
22126 -32.638000 -50.841000 -21.648000 1
22143 -31.569000 -50.456000 -22.559000 1
22144 -32.480000 -50.201000 -22.114000 1
22145 -33.367000 -50.607000 -21.899000 1
22146 -33.912000 -49.978000 -22.263000 1
22147 -34.824000 -50.140000 -22.624000 1
22165 -31.812000 -50.120000 -23.398000 1
22184 -31.625000 -50.529000 -24.043000 1
22185 -32.145000 -49.886000 -24.255000 1
22203 -31.873000 -50.741000 -24.790000 1
22204 -32.383000 -50.264000 -25.199000 1
22205 -32.957000 -49.901000 -25.749000 1
22222 -32.653000 -50.754000 -25.987000 1
22223 -33.295000 -50.504000 -26.593000 1
22224 -34.050000 -50.321000 -27.244000 1
22241 -34.890000 -50.147000 -27.881000 1
23227 -32.155000 -49.870000 -22.790000 1
23228 -32.754000 -49.515000 -22.628000 1
23229 -33.490000 -49.322000 -22.519000 1
23230 -34.327000 -49.345000 -22.570000 1
23241 -32.479000 -49.394000 -23.393000 1
23242 -33.093000 -48.872000 -23.015000 1
23257 -32.604000 -49.157000 -24.161000 1
23258 -33.074000 -48.736000 -24.579000 1
23270 -32.662000 -49.431000 -24.907000 1
23271 -33.272000 -49.038000 -25.441000 1
23282 -33.695000 -49.577000 -26.353000 1
23283 -34.472000 -49.559000 -26.978000 1
23284 -35.253000 -49.260000 -27.389000 1
24336 -33.854000 -48.714000 -22.861000 1
24337 -34.679000 -48.721000 -22.905000 1
24355 -32.995000 -48.722000 -23.757000 1
24356 -33.596000 -48.416000 -23.450000 1
24357 -34.271000 -48.244000 -23.329000 1
24378 -33.539000 -48.235000 -24.151000 1
24388 -33.724000 -48.206000 -25.054000 1
24389 -34.273000 -48.108000 -25.760000 1
24399 -33.876000 -48.710000 -25.957000 1
24400 -34.610000 -48.640000 -26.523000 1
24401 -35.568000 -48.404000 -26.911000 1
24402 -36.412000 -48.169000 -27.252000 1
24412 -36.091000 -48.951000 -27.660000 1
24413 -36.720000 -48.496000 -27.886000 1
24414 -37.304000 -48.045000 -28.023000 1
25451 -33.972000 -47.960000 -23.758000 1
25478 -34.144000 -47.760000 -24.330000 1
25492 -34.470000 -47.643000 -25.132000 1
25493 -35.260000 -47.298000 -25.130000 1
25502 -34.990000 -47.699000 -26.066000 1
25503 -35.936000 -47.619000 -26.473000 1
136872 -32.530000 -55.056000 -21.536000 1
137364 -31.181000 -50.893000 -23.443000 1
140807 -31.036000 -53.131000 -25.662000 1
142269 -32.149000 -50.973000 -25.497000 1
142870 -31.226000 -54.954000 -20.425000 1
143999 -30.922000 -50.989000 -22.654000 1
146967 -34.151000 -52.167000 -22.273000 1
147472 -32.632000 -52.080000 -21.245000 1
147690 -33.180000 -49.866000 -22.195000 1
148800 -34.242000 -50.745000 -22.271000 1
149689 -34.880000 -50.905000 -22.715000 1
155834 -33.413000 -52.092000 -21.684000 1
157444 -34.131000 -49.098000 -26.465000 1
158679 -31.976000 -58.379000 -23.758000 1
159223 -35.690000 -47.289000 -25.759000 1
