# Freesurfer label: sub-05 rnd11 tmax2 day1VA unionROI
180
31989 -33.058000 -40.918000 -19.395000 1
32000 -33.665000 -41.515000 -20.244000 1
32001 -34.209000 -42.125000 -20.502000 1
32012 -33.811000 -41.263000 -20.985000 1
33115 -32.515000 -40.465000 -18.183000 1
33120 -32.759000 -40.395000 -18.937000 1
33121 -33.050000 -40.169000 -19.620000 1
33128 -33.356000 -40.797000 -20.199000 1
33141 -33.630000 -40.381000 -20.867000 1
33142 -34.004000 -40.436000 -21.549000 1
33157 -34.559000 -40.464000 -22.269000 1
33174 -39.466000 -39.473000 -25.540000 1
33176 -40.948000 -40.145000 -26.631000 1
34162 -32.510000 -39.735000 -18.592000 1
34168 -33.004000 -39.341000 -19.668000 1
34177 -33.409000 -39.717000 -20.352000 1
34189 -33.860000 -39.590000 -21.158000 1
34197 -35.031000 -39.570000 -22.579000 1
34198 -35.730000 -39.547000 -23.238000 1
34203 -36.468000 -38.985000 -23.639000 1
34204 -37.184000 -39.385000 -24.202000 1
34205 -37.221000 -38.481000 -24.116000 1
34209 -38.697000 -38.541000 -24.896000 1
34212 -39.482000 -38.692000 -25.420000 1
34213 -39.985000 -39.046000 -26.016000 1
34214 -40.500000 -39.441000 -26.474000 1
35253 -34.287000 -38.646000 -21.340000 1
35254 -34.822000 -37.885000 -21.732000 1
35261 -34.975000 -38.655000 -22.239000 1
35264 -35.653000 -38.374000 -22.821000 1
35265 -36.344000 -38.250000 -23.465000 1
35269 -38.009000 -38.316000 -24.607000 1
36305 -34.751000 -37.033000 -21.358000 1
36313 -35.755000 -37.783000 -22.970000 1
36314 -36.308000 -37.424000 -23.691000 1
36317 -36.939000 -37.942000 -24.039000 1
36321 -37.691000 -37.942000 -24.497000 1
36326 -39.029000 -37.550000 -25.586000 1
36332 -39.484000 -37.618000 -26.607000 1
37395 -35.305000 -36.557000 -21.919000 1
37401 -36.075000 -36.472000 -23.484000 1
37414 -38.796000 -36.687000 -26.766000 1
37420 -38.624000 -36.402000 -27.005000 1
37421 -39.073000 -37.113000 -26.901000 1
38505 -35.177000 -35.241000 -20.957000 1
38511 -34.982000 -36.104000 -21.172000 1
38512 -35.456000 -35.624000 -21.681000 1
38513 -35.861000 -35.074000 -22.279000 1
38517 -35.732000 -36.061000 -22.527000 1
38518 -36.140000 -35.479000 -23.149000 1
38522 -36.506000 -35.829000 -24.084000 1
38526 -37.032000 -36.013000 -24.950000 1
38527 -37.725000 -36.055000 -25.587000 1
38531 -38.121000 -35.524000 -26.206000 1
38532 -38.296000 -34.850000 -26.671000 1
38538 -38.386000 -35.474000 -27.020000 1
39630 -35.334000 -34.464000 -20.748000 1
39637 -35.634000 -34.654000 -21.426000 1
39638 -36.204000 -34.187000 -22.015000 1
39642 -36.358000 -34.528000 -22.863000 1
39645 -36.579000 -34.876000 -23.727000 1
39646 -36.985000 -34.337000 -24.222000 1
39650 -36.929000 -35.110000 -24.630000 1
39651 -37.410000 -34.206000 -25.121000 1
39652 -37.858000 -33.705000 -25.853000 1
39657 -37.995000 -34.550000 -25.992000 1
39658 -38.107000 -34.084000 -26.344000 1
40726 -35.582000 -33.705000 -20.638000 1
40740 -35.964000 -33.852000 -21.298000 1
40741 -36.603000 -33.314000 -21.755000 1
40742 -37.265000 -32.899000 -22.374000 1
40751 -36.764000 -33.680000 -22.610000 1
40752 -37.352000 -33.225000 -23.265000 1
40755 -36.858000 -34.002000 -23.468000 1
40756 -37.315000 -33.562000 -24.201000 1
40759 -37.759000 -33.156000 -25.805000 1
40762 -37.949000 -33.556000 -26.171000 1
40766 -37.863000 -33.461000 -26.314000 1
41845 -37.284000 -32.376000 -21.841000 1
41865 -37.678000 -32.682000 -24.010000 1
41866 -38.084000 -31.903000 -23.679000 1
41871 -37.615000 -33.097000 -25.099000 1
41872 -37.801000 -32.137000 -24.649000 1
41877 -37.522000 -32.590000 -25.588000 1
41878 -37.606000 -32.663000 -25.436000 1
41880 -37.616000 -33.016000 -26.151000 1
41881 -37.749000 -33.063000 -25.935000 1
42973 -37.826000 -31.690000 -21.938000 1
42974 -38.556000 -31.167000 -22.560000 1
42985 -38.207000 -31.817000 -22.859000 1
42986 -38.511000 -31.206000 -23.328000 1
42993 -38.129000 -31.319000 -24.030000 1
42999 -37.771000 -31.512000 -24.712000 1
43003 -37.501000 -31.955000 -25.283000 1
43004 -37.639000 -32.152000 -25.163000 1
44031 -37.408000 -30.191000 -20.116000 1
44044 -38.231000 -30.237000 -20.829000 1
44059 -38.267000 -30.898000 -21.588000 1
44060 -39.056000 -30.268000 -21.801000 1
44070 -39.009000 -30.575000 -23.037000 1
44071 -39.556000 -30.148000 -22.727000 1
44081 -38.662000 -30.616000 -23.561000 1
44082 -39.518000 -29.990000 -23.109000 1
44091 -37.047000 -30.579000 -24.796000 1
44092 -37.693000 -30.851000 -24.496000 1
44093 -38.195000 -30.432000 -23.878000 1
44097 -37.382000 -31.282000 -25.026000 1
45065 -38.934000 -29.510000 -21.016000 1
45094 -40.234000 -29.517000 -22.944000 1
45103 -36.225000 -29.301000 -23.928000 1
45104 -36.978000 -29.363000 -23.840000 1
45105 -38.121000 -29.499000 -23.590000 1
45106 -40.156000 -29.386000 -23.076000 1
45115 -36.598000 -29.899000 -24.394000 1
45116 -37.449000 -30.127000 -24.209000 1
46126 -39.162000 -28.677000 -20.687000 1
46127 -40.058000 -28.366000 -21.387000 1
46145 -35.616000 -28.595000 -22.971000 1
46146 -36.289000 -28.301000 -23.112000 1
46148 -41.195000 -28.325000 -23.135000 1
46155 -36.541000 -28.745000 -23.483000 1
46156 -37.353000 -28.643000 -23.424000 1
46157 -38.333000 -28.576000 -23.351000 1
46158 -40.543000 -28.550000 -23.267000 1
47095 -40.324000 -27.488000 -21.079000 1
47117 -35.917000 -27.897000 -22.523000 1
47118 -36.638000 -27.531000 -22.739000 1
47119 -37.307000 -27.213000 -23.026000 1
47125 -36.925000 -28.042000 -23.161000 1
47126 -37.785000 -27.849000 -23.250000 1
47127 -39.121000 -27.945000 -23.337000 1
47128 -40.229000 -27.664000 -23.373000 1
47129 -41.085000 -27.774000 -23.341000 1
48116 -36.679000 -25.994000 -21.648000 1
48117 -37.199000 -25.690000 -22.071000 1
48122 -36.250000 -27.018000 -22.015000 1
48123 -37.040000 -26.535000 -22.473000 1
48124 -37.642000 -25.796000 -22.661000 1
48125 -38.536000 -26.117000 -23.120000 1
48131 -38.201000 -27.036000 -23.213000 1
48132 -39.359000 -26.957000 -23.285000 1
48133 -40.651000 -26.882000 -23.410000 1
48134 -41.386000 -26.470000 -23.402000 1
49079 -36.468000 -24.377000 -21.270000 1
49090 -36.245000 -25.312000 -20.879000 1
49091 -36.906000 -25.100000 -21.638000 1
49092 -37.506000 -25.005000 -22.312000 1
49104 -39.707000 -26.237000 -23.329000 1
49105 -40.744000 -25.819000 -23.487000 1
49984 -35.790000 -23.683000 -21.070000 1
49985 -37.189000 -24.276000 -21.923000 1
49988 -38.073000 -24.261000 -22.617000 1
49994 -41.155000 -25.141000 -23.383000 1
50900 -37.656000 -23.495000 -22.239000 1
134450 -38.494000 -35.918000 -26.787000 1
135450 -37.536000 -35.255000 -25.444000 1
135851 -34.345000 -37.751000 -21.007000 1
139135 -39.110000 -29.934000 -23.365000 1
139885 -37.692000 -32.245000 -22.421000 1
139912 -33.719000 -38.979000 -20.765000 1
141124 -38.484000 -36.616000 -25.977000 1
141128 -35.516000 -38.952000 -22.755000 1
141216 -38.151000 -39.295000 -24.719000 1
143715 -35.973000 -38.780000 -23.149000 1
144189 -35.323000 -37.932000 -22.389000 1
144707 -39.361000 -29.057000 -23.282000 1
144952 -37.860000 -38.732000 -24.489000 1
145592 -34.424000 -39.533000 -21.870000 1
148980 -38.931000 -39.140000 -25.086000 1
149077 -37.149000 -31.720000 -25.410000 1
149114 -33.404000 -41.342000 -19.744000 1
151182 -41.387000 -27.132000 -23.321000 1
152436 -38.105000 -30.959000 -24.167000 1
152904 -35.894000 -24.438000 -20.668000 1
154995 -32.767000 -39.748000 -19.186000 1
155479 -37.649000 -26.503000 -22.973000 1
157159 -35.648000 -34.182000 -21.007000 1
157730 -38.935000 -30.614000 -22.394000 1
157811 -35.789000 -27.021000 -21.526000 1
159782 -36.995000 -32.819000 -21.813000 1
