# Freesurfer label: sub-05 rnd1 tmax2 day1VB unionROI
176
25424 -44.133000 -47.259000 -20.906000 1
26579 -40.540000 -46.932000 -20.092000 1
26580 -44.073000 -46.533000 -19.957000 1
26581 -44.282000 -46.490000 -20.461000 1
26595 -44.399000 -46.310000 -21.271000 1
27702 -39.215000 -45.038000 -20.066000 1
27713 -39.974000 -45.859000 -20.248000 1
27714 -42.664000 -45.457000 -20.077000 1
27715 -43.742000 -45.627000 -20.063000 1
27716 -44.150000 -45.759000 -20.358000 1
27717 -44.402000 -45.698000 -20.860000 1
27731 -44.483000 -45.560000 -21.697000 1
28741 -40.223000 -43.851000 -11.317000 1
28742 -40.902000 -43.787000 -12.000000 1
28752 -39.447000 -44.385000 -12.069000 1
28753 -41.046000 -44.063000 -12.431000 1
28754 -41.368000 -43.762000 -12.586000 1
28758 -38.043000 -44.648000 -13.548000 1
28759 -39.011000 -44.522000 -13.039000 1
28760 -40.244000 -44.421000 -12.892000 1
28761 -41.460000 -44.123000 -13.136000 1
28762 -41.804000 -43.680000 -13.163000 1
28775 -39.175000 -44.588000 -14.014000 1
28776 -40.609000 -44.452000 -13.958000 1
28777 -41.732000 -44.192000 -14.044000 1
28778 -42.047000 -43.817000 -13.591000 1
28793 -39.813000 -44.482000 -14.919000 1
28794 -41.006000 -44.373000 -14.800000 1
28808 -39.988000 -44.150000 -16.306000 1
28809 -40.966000 -43.884000 -16.070000 1
28823 -39.276000 -43.978000 -17.868000 1
28824 -40.354000 -43.713000 -17.108000 1
28839 -39.355000 -43.944000 -18.805000 1
28849 -39.612000 -44.240000 -19.606000 1
28850 -40.443000 -43.970000 -19.803000 1
28851 -41.344000 -43.734000 -19.838000 1
28860 -40.102000 -44.788000 -20.133000 1
28861 -40.958000 -44.554000 -20.175000 1
28862 -41.939000 -44.444000 -20.172000 1
28863 -43.103000 -44.473000 -20.160000 1
28864 -43.986000 -44.601000 -20.391000 1
28865 -44.350000 -44.202000 -20.740000 1
28881 -44.515000 -43.908000 -21.187000 1
29781 -40.688000 -43.430000 -11.493000 1
29788 -41.078000 -43.558000 -12.200000 1
29789 -41.498000 -43.573000 -12.753000 1
29795 -41.800000 -43.346000 -13.248000 1
29807 -42.186000 -43.396000 -13.781000 1
29808 -42.527000 -42.966000 -14.645000 1
29819 -41.917000 -43.650000 -15.535000 1
29820 -42.415000 -43.361000 -15.013000 1
29821 -42.491000 -42.748000 -15.475000 1
29835 -41.822000 -43.215000 -16.509000 1
29836 -42.475000 -42.524000 -16.184000 1
29850 -40.194000 -43.558000 -18.235000 1
29851 -41.329000 -43.044000 -17.657000 1
29852 -42.394000 -42.399000 -17.192000 1
29863 -40.179000 -43.648000 -19.093000 1
29864 -41.077000 -43.235000 -18.625000 1
29865 -42.158000 -42.505000 -18.114000 1
29876 -40.927000 -43.522000 -19.316000 1
29877 -41.930000 -42.923000 -19.152000 1
29878 -43.840000 -42.470000 -19.689000 1
29879 -44.226000 -42.469000 -20.164000 1
29890 -42.441000 -43.503000 -19.845000 1
29891 -43.544000 -43.401000 -20.021000 1
29892 -44.105000 -43.354000 -20.342000 1
29893 -44.420000 -43.269000 -20.689000 1
29905 -44.537000 -43.148000 -21.143000 1
29920 -44.540000 -43.519000 -21.914000 1
30802 -40.240000 -42.649000 -11.304000 1
30803 -40.595000 -43.071000 -11.028000 1
30804 -40.810000 -43.329000 -11.815000 1
30808 -38.470000 -42.252000 -12.926000 1
30809 -39.761000 -42.570000 -12.323000 1
30810 -40.736000 -42.961000 -11.913000 1
30811 -41.254000 -43.265000 -12.538000 1
30820 -38.131000 -42.280000 -13.901000 1
30821 -39.390000 -42.454000 -13.509000 1
30822 -40.695000 -42.769000 -12.814000 1
30823 -41.536000 -42.867000 -13.339000 1
30833 -37.823000 -42.297000 -14.742000 1
30834 -38.746000 -42.320000 -14.519000 1
30835 -39.669000 -42.405000 -14.330000 1
30836 -41.501000 -42.543000 -14.298000 1
30850 -37.561000 -42.310000 -15.381000 1
30851 -38.400000 -42.276000 -15.435000 1
30852 -39.432000 -42.272000 -15.060000 1
30853 -41.212000 -42.208000 -15.182000 1
30854 -42.190000 -42.516000 -15.064000 1
30855 -42.445000 -42.611000 -15.500000 1
30874 -38.358000 -42.144000 -16.314000 1
30875 -42.505000 -42.330000 -16.110000 1
30888 -42.669000 -42.028000 -16.766000 1
30889 -42.644000 -41.764000 -17.485000 1
30907 -42.744000 -41.898000 -17.605000 1
30908 -42.845000 -41.568000 -18.339000 1
30909 -43.328000 -41.378000 -19.071000 1
30929 -42.929000 -42.095000 -18.492000 1
30930 -43.442000 -41.832000 -19.021000 1
30931 -43.886000 -41.771000 -19.579000 1
30932 -44.197000 -41.740000 -20.216000 1
30947 -44.444000 -42.449000 -20.725000 1
30962 -44.466000 -42.547000 -21.458000 1
30979 -44.086000 -42.359000 -22.680000 1
30980 -44.405000 -42.792000 -22.417000 1
31881 -38.929000 -42.115000 -11.857000 1
31894 -37.395000 -41.999000 -13.369000 1
31908 -37.268000 -42.160000 -14.169000 1
31922 -39.416000 -42.063000 -15.921000 1
31923 -40.637000 -41.905000 -15.877000 1
31924 -41.745000 -41.960000 -15.842000 1
31925 -42.353000 -42.263000 -15.911000 1
31941 -39.121000 -41.917000 -16.788000 1
31942 -41.049000 -41.605000 -16.492000 1
31943 -42.141000 -41.711000 -16.578000 1
31944 -42.609000 -41.942000 -16.712000 1
31958 -38.052000 -42.023000 -17.852000 1
31959 -38.922000 -41.798000 -17.580000 1
31960 -40.077000 -41.561000 -17.193000 1
31961 -41.417000 -41.422000 -17.204000 1
31962 -42.424000 -41.526000 -17.448000 1
31974 -38.726000 -41.847000 -18.347000 1
31975 -40.465000 -41.378000 -18.480000 1
31976 -41.585000 -41.269000 -17.962000 1
31977 -42.486000 -41.244000 -18.266000 1
31978 -42.949000 -41.222000 -18.609000 1
31990 -39.448000 -41.644000 -18.812000 1
31991 -40.187000 -41.476000 -19.275000 1
31992 -41.472000 -41.188000 -18.923000 1
31993 -42.614000 -41.015000 -19.031000 1
31994 -43.274000 -41.048000 -19.300000 1
31995 -43.748000 -41.292000 -19.727000 1
32002 -40.810000 -41.370000 -19.855000 1
32005 -43.512000 -41.000000 -20.069000 1
32006 -43.987000 -41.265000 -20.459000 1
32015 -43.400000 -41.246000 -21.369000 1
32016 -44.004000 -41.362000 -21.205000 1
32017 -44.335000 -41.754000 -20.951000 1
32031 -43.819000 -41.665000 -22.034000 1
32032 -44.246000 -41.953000 -21.785000 1
132829 -41.869000 -41.046000 -19.744000 1
135206 -42.168000 -42.944000 -14.005000 1
135825 -43.034000 -40.998000 -20.646000 1
136296 -37.729000 -42.277000 -15.917000 1
136596 -40.581000 -42.563000 -13.792000 1
136850 -43.085000 -42.592000 -19.357000 1
137120 -39.655000 -41.550000 -18.056000 1
138184 -44.498000 -44.838000 -21.219000 1
138386 -39.242000 -44.271000 -16.902000 1
139319 -43.665000 -41.085000 -20.734000 1
139506 -42.282000 -43.627000 -14.243000 1
140455 -42.774000 -47.259000 -19.714000 1
140456 -41.632000 -47.111000 -19.915000 1
141250 -43.679000 -47.248000 -19.805000 1
142645 -41.539000 -45.364000 -20.195000 1
143480 -42.168000 -46.328000 -19.953000 1
144348 -41.064000 -46.170000 -20.152000 1
144440 -43.326000 -46.478000 -19.829000 1
144636 -44.112000 -47.097000 -20.122000 1
144913 -44.512000 -44.903000 -22.125000 1
145639 -41.927000 -44.003000 -14.818000 1
148874 -40.360000 -44.288000 -15.572000 1
148983 -40.495000 -44.138000 -12.054000 1
149101 -40.687000 -45.327000 -20.247000 1
149474 -40.022000 -41.762000 -16.459000 1
151485 -41.289000 -44.123000 -15.359000 1
151930 -39.219000 -44.411000 -15.906000 1
152008 -40.626000 -41.391000 -17.776000 1
152778 -42.652000 -41.466000 -18.063000 1
152896 -37.698000 -41.743000 -12.589000 1
153413 -40.441000 -42.345000 -14.676000 1
154753 -42.426000 -43.135000 -15.697000 1
155487 -44.539000 -44.315000 -21.768000 1
155867 -44.305000 -45.066000 -20.694000 1
158926 -40.215000 -42.150000 -15.355000 1
