# Freesurfer label: sub-05 rnd5 tmax2 day1VB unionROI
196
18994 -38.816000 -53.090000 -23.810000 1
19946 -38.989000 -52.741000 -20.606000 1
19947 -39.813000 -52.771000 -20.963000 1
19948 -40.370000 -52.091000 -20.893000 1
19957 -40.196000 -52.570000 -21.505000 1
19970 -39.976000 -52.621000 -22.301000 1
19982 -39.502000 -52.602000 -23.167000 1
19983 -40.180000 -51.924000 -22.896000 1
19993 -36.794000 -52.208000 -25.213000 1
19994 -37.746000 -52.271000 -25.354000 1
19995 -38.497000 -52.414000 -24.796000 1
19996 -39.333000 -52.046000 -24.216000 1
20007 -37.224000 -52.935000 -25.583000 1
20008 -37.834000 -53.133000 -25.247000 1
21015 -40.009000 -51.427000 -20.530000 1
21016 -40.818000 -51.341000 -20.823000 1
21017 -41.301000 -50.976000 -21.168000 1
21032 -40.794000 -51.675000 -21.463000 1
21047 -40.746000 -51.454000 -22.454000 1
21048 -41.276000 -51.018000 -21.894000 1
21061 -35.848000 -51.415000 -23.809000 1
21062 -36.560000 -51.471000 -24.557000 1
21063 -39.866000 -51.723000 -23.707000 1
21064 -40.460000 -51.174000 -23.500000 1
21080 -37.433000 -51.547000 -25.087000 1
21081 -38.323000 -51.597000 -25.070000 1
21082 -39.125000 -51.486000 -24.654000 1
21083 -39.845000 -51.281000 -24.266000 1
22109 -40.679000 -50.706000 -20.548000 1
22110 -41.717000 -50.395000 -20.854000 1
22111 -42.249000 -49.987000 -20.941000 1
22127 -41.745000 -50.492000 -21.415000 1
22128 -42.118000 -49.926000 -21.630000 1
22148 -41.049000 -50.796000 -22.738000 1
22149 -41.587000 -50.410000 -22.164000 1
22166 -35.568000 -50.690000 -23.226000 1
22167 -36.414000 -50.836000 -23.947000 1
22168 -37.179000 -50.364000 -24.148000 1
22169 -38.249000 -50.124000 -24.370000 1
22170 -40.864000 -50.420000 -23.373000 1
22186 -37.086000 -50.997000 -24.566000 1
22187 -37.895000 -50.935000 -24.797000 1
22188 -38.855000 -50.950000 -24.843000 1
22189 -39.635000 -50.879000 -24.557000 1
22190 -40.276000 -50.674000 -24.120000 1
23194 -40.476000 -49.859000 -20.361000 1
23195 -41.390000 -50.097000 -20.421000 1
23196 -42.603000 -49.273000 -20.496000 1
23197 -43.189000 -48.770000 -20.805000 1
23215 -42.688000 -49.425000 -21.142000 1
23231 -35.156000 -49.388000 -22.824000 1
23232 -41.854000 -49.750000 -22.328000 1
23233 -42.451000 -49.234000 -21.794000 1
23243 -35.986000 -49.314000 -23.130000 1
23244 -37.142000 -49.316000 -23.577000 1
23245 -37.815000 -48.657000 -23.591000 1
23246 -39.894000 -48.924000 -23.647000 1
23247 -41.432000 -49.543000 -23.026000 1
23248 -42.223000 -48.831000 -22.433000 1
23259 -39.241000 -50.403000 -24.580000 1
23260 -39.919000 -50.128000 -24.324000 1
23261 -40.615000 -49.806000 -23.697000 1
24305 -40.598000 -48.508000 -20.065000 1
24306 -41.641000 -48.685000 -19.874000 1
24307 -42.588000 -48.735000 -19.906000 1
24308 -43.200000 -48.447000 -20.245000 1
24309 -43.631000 -48.090000 -20.626000 1
24321 -42.992000 -48.843000 -21.378000 1
24322 -43.518000 -48.065000 -21.382000 1
24338 -42.873000 -48.423000 -21.908000 1
24339 -43.346000 -47.590000 -22.297000 1
24358 -35.079000 -48.134000 -23.287000 1
24359 -36.133000 -48.307000 -23.225000 1
24360 -37.166000 -48.135000 -23.405000 1
24361 -38.028000 -47.893000 -23.463000 1
24362 -39.392000 -47.957000 -23.452000 1
24363 -40.218000 -47.760000 -23.403000 1
24364 -42.340000 -47.921000 -22.783000 1
25421 -42.206000 -48.002000 -19.714000 1
25422 -43.164000 -47.994000 -19.769000 1
25423 -43.714000 -47.700000 -20.166000 1
25438 -44.260000 -46.654000 -21.826000 1
25452 -34.606000 -47.743000 -23.765000 1
25453 -35.549000 -47.442000 -23.725000 1
25454 -36.534000 -47.388000 -23.575000 1
25455 -37.452000 -47.270000 -23.587000 1
25456 -38.379000 -47.133000 -23.593000 1
25457 -39.405000 -47.137000 -23.549000 1
25458 -40.486000 -47.008000 -23.546000 1
25459 -42.327000 -47.335000 -23.289000 1
25460 -43.025000 -47.267000 -23.085000 1
25461 -43.724000 -46.839000 -22.994000 1
25479 -34.921000 -47.423000 -24.350000 1
25480 -35.698000 -47.020000 -24.389000 1
25494 -36.405000 -47.054000 -25.919000 1
25504 -36.802000 -47.468000 -26.748000 1
25505 -38.281000 -47.357000 -27.244000 1
25506 -38.786000 -47.154000 -27.083000 1
25512 -37.141000 -47.867000 -27.548000 1
25513 -37.871000 -47.693000 -27.695000 1
26601 -44.150000 -46.451000 -22.737000 1
26602 -44.408000 -46.057000 -22.274000 1
26612 -36.216000 -46.970000 -23.938000 1
26613 -36.943000 -46.844000 -23.928000 1
26614 -37.858000 -46.752000 -23.908000 1
26615 -38.845000 -46.699000 -23.867000 1
26616 -39.887000 -46.682000 -23.870000 1
26617 -40.912000 -46.678000 -23.920000 1
26618 -42.624000 -46.812000 -23.829000 1
26619 -43.471000 -46.525000 -23.917000 1
26620 -44.043000 -46.271000 -23.686000 1
26621 -44.316000 -45.802000 -23.377000 1
26634 -36.474000 -46.715000 -24.478000 1
26635 -37.343000 -46.570000 -24.519000 1
26636 -38.312000 -46.501000 -24.518000 1
26637 -39.362000 -46.485000 -24.527000 1
26638 -40.450000 -46.505000 -24.568000 1
26639 -41.524000 -46.548000 -24.644000 1
26640 -43.386000 -46.308000 -24.716000 1
26641 -43.879000 -46.093000 -24.439000 1
26642 -44.157000 -45.826000 -24.133000 1
26656 -35.986000 -46.827000 -25.156000 1
26657 -36.836000 -46.626000 -25.266000 1
26658 -37.779000 -46.539000 -25.383000 1
26659 -38.816000 -46.504000 -25.462000 1
26660 -39.989000 -46.512000 -25.619000 1
26661 -41.123000 -46.498000 -25.484000 1
26662 -42.156000 -46.390000 -25.493000 1
26663 -43.020000 -46.200000 -25.312000 1
26664 -43.621000 -45.920000 -25.003000 1
26669 -37.266000 -46.864000 -26.153000 1
26670 -38.265000 -46.850000 -26.433000 1
26671 -39.228000 -46.735000 -26.475000 1
26672 -40.056000 -46.616000 -26.729000 1
26673 -40.820000 -46.431000 -26.887000 1
26674 -41.569000 -46.374000 -26.274000 1
26675 -42.459000 -46.038000 -26.074000 1
27755 -44.438000 -45.111000 -23.515000 1
27765 -44.006000 -45.515000 -24.617000 1
27779 -43.248000 -45.714000 -25.523000 1
27780 -43.741000 -45.365000 -25.116000 1
28894 -44.557000 -44.290000 -22.542000 1
28906 -44.520000 -44.425000 -23.410000 1
28918 -44.342000 -44.705000 -24.166000 1
29932 -44.538000 -43.647000 -23.011000 1
29944 -43.919000 -43.771000 -24.696000 1
29945 -44.245000 -43.598000 -24.246000 1
29951 -43.437000 -43.877000 -25.244000 1
29952 -43.850000 -44.322000 -24.970000 1
29956 -42.876000 -43.574000 -25.945000 1
30978 -43.608000 -42.211000 -22.875000 1
30993 -43.390000 -42.727000 -23.741000 1
30994 -43.999000 -42.672000 -23.454000 1
30995 -44.329000 -43.095000 -23.512000 1
31008 -43.016000 -43.147000 -24.554000 1
31009 -43.916000 -43.125000 -24.265000 1
31015 -42.954000 -43.501000 -25.525000 1
31016 -43.348000 -43.501000 -24.934000 1
31020 -42.434000 -42.981000 -26.430000 1
132467 -42.881000 -42.371000 -23.171000 1
134037 -44.446000 -43.920000 -23.900000 1
135359 -37.652000 -47.398000 -27.012000 1
136530 -40.788000 -46.542000 -26.280000 1
137058 -40.444000 -52.071000 -22.100000 1
138530 -44.260000 -45.351000 -24.122000 1
140398 -41.102000 -47.840000 -19.896000 1
141031 -42.627000 -46.523000 -24.707000 1
141383 -41.021000 -48.586000 -23.291000 1
141416 -38.723000 -48.584000 -23.608000 1
143469 -42.564000 -43.155000 -25.469000 1
143481 -41.996000 -49.422000 -20.108000 1
144451 -41.091000 -49.308000 -20.131000 1
144452 -40.236000 -49.101000 -20.259000 1
144790 -39.736000 -52.226000 -20.652000 1
145420 -35.418000 -48.760000 -23.019000 1
145660 -42.518000 -43.004000 -26.053000 1
146160 -42.748000 -47.949000 -22.418000 1
146198 -36.304000 -50.078000 -23.490000 1
147478 -38.776000 -47.682000 -23.475000 1
149095 -35.574000 -49.933000 -23.014000 1
149360 -39.072000 -49.572000 -24.139000 1
149633 -43.917000 -47.140000 -22.023000 1
149796 -41.542000 -47.043000 -23.559000 1
152256 -44.204000 -44.186000 -24.498000 1
153280 -41.722000 -47.774000 -23.118000 1
153287 -41.031000 -47.520000 -23.306000 1
154076 -41.217000 -50.737000 -20.772000 1
154134 -42.046000 -49.868000 -20.556000 1
154287 -41.830000 -46.696000 -24.080000 1
154544 -41.369000 -50.247000 -22.780000 1
155271 -44.456000 -45.408000 -22.676000 1
156313 -41.790000 -48.575000 -22.890000 1
157257 -44.150000 -45.103000 -24.451000 1
158869 -38.171000 -49.264000 -23.865000 1
159364 -43.128000 -46.542000 -24.377000 1
159920 -44.502000 -44.852000 -22.895000 1
