# Freesurfer label: sub-05 rnd6 tmax1 day1VA unionROI
136
11398 -35.940000 -59.855000 -26.268000 1
11413 -35.727000 -59.903000 -26.960000 1
11419 -35.028000 -59.779000 -28.210000 1
12410 -37.794000 -58.948000 -24.518000 1
12411 -38.429000 -58.624000 -23.960000 1
12425 -37.355000 -59.000000 -25.195000 1
12455 -35.687000 -59.467000 -27.636000 1
12476 -34.647000 -59.177000 -28.987000 1
12477 -35.420000 -58.783000 -28.542000 1
12478 -36.203000 -58.655000 -27.794000 1
12497 -34.330000 -58.694000 -29.713000 1
12498 -34.904000 -58.482000 -29.227000 1
12511 -33.253000 -58.608000 -30.711000 1
12512 -33.861000 -58.523000 -30.231000 1
13456 -38.262000 -58.326000 -22.217000 1
13464 -38.552000 -58.273000 -22.976000 1
13479 -37.842000 -58.504000 -25.176000 1
13480 -38.442000 -58.233000 -24.603000 1
13486 -32.574000 -58.704000 -25.981000 1
13487 -33.325000 -58.292000 -25.871000 1
13488 -38.324000 -57.856000 -25.298000 1
13496 -33.318000 -58.295000 -26.735000 1
13497 -37.110000 -58.663000 -26.384000 1
13498 -37.685000 -58.171000 -25.878000 1
13510 -31.594000 -58.545000 -28.306000 1
13511 -32.535000 -58.313000 -28.344000 1
13512 -33.347000 -58.151000 -27.855000 1
13513 -36.800000 -58.465000 -27.173000 1
13528 -32.100000 -58.157000 -29.325000 1
13529 -33.372000 -57.815000 -29.000000 1
13530 -35.360000 -58.036000 -29.077000 1
13545 -31.054000 -58.162000 -30.475000 1
13546 -31.818000 -57.971000 -30.214000 1
13548 -33.300000 -57.779000 -29.987000 1
13549 -34.314000 -58.272000 -29.795000 1
13550 -34.786000 -58.139000 -29.456000 1
13567 -31.898000 -57.867000 -31.080000 1
13568 -33.138000 -57.864000 -30.668000 1
13569 -33.480000 -58.219000 -30.515000 1
14622 -37.714000 -57.692000 -21.752000 1
14632 -39.265000 -56.948000 -23.670000 1
14640 -38.917000 -57.917000 -24.052000 1
14641 -39.363000 -57.136000 -24.042000 1
14650 -33.997000 -57.272000 -24.809000 1
14651 -38.919000 -57.436000 -24.711000 1
14652 -39.265000 -56.873000 -24.532000 1
14660 -33.674000 -57.871000 -25.347000 1
14661 -34.333000 -57.353000 -25.716000 1
14662 -38.608000 -57.296000 -25.421000 1
14671 -33.954000 -57.897000 -26.306000 1
14672 -34.764000 -57.243000 -26.913000 1
14681 -34.074000 -57.826000 -27.430000 1
14682 -34.831000 -57.262000 -28.190000 1
14683 -36.605000 -57.718000 -27.805000 1
14685 -37.603000 -56.571000 -27.159000 1
14695 -34.109000 -57.677000 -28.575000 1
14696 -34.833000 -57.451000 -29.033000 1
14697 -35.650000 -57.438000 -28.674000 1
14698 -36.458000 -56.952000 -28.192000 1
14705 -34.570000 -57.859000 -29.467000 1
14706 -35.149000 -57.734000 -29.181000 1
14718 -33.697000 -57.872000 -30.189000 1
14719 -34.032000 -58.103000 -30.060000 1
15757 -38.321000 -57.012000 -22.513000 1
15764 -38.981000 -56.507000 -23.024000 1
15765 -39.272000 -56.433000 -23.430000 1
15774 -34.033000 -56.132000 -23.762000 1
15775 -39.424000 -56.498000 -23.743000 1
15783 -34.489000 -56.831000 -25.206000 1
15784 -39.430000 -56.588000 -24.143000 1
15792 -34.939000 -56.719000 -25.960000 1
15793 -35.568000 -55.948000 -26.082000 1
15816 -36.494000 -56.466000 -27.901000 1
15817 -37.107000 -56.400000 -27.656000 1
15828 -35.870000 -56.934000 -28.503000 1
15837 -35.253000 -57.419000 -28.889000 1
16885 -38.683000 -55.923000 -22.484000 1
16886 -39.215000 -55.253000 -22.563000 1
16899 -33.897000 -54.917000 -22.978000 1
16900 -39.294000 -55.896000 -22.981000 1
16913 -34.272000 -55.335000 -23.626000 1
16914 -39.337000 -55.957000 -23.352000 1
16926 -34.614000 -55.705000 -24.394000 1
16927 -35.378000 -55.285000 -25.171000 1
16928 -39.376000 -55.978000 -23.925000 1
16939 -34.858000 -56.166000 -25.201000 1
16940 -35.933000 -55.283000 -25.952000 1
16953 -36.321000 -55.559000 -26.635000 1
16954 -36.949000 -55.436000 -26.995000 1
16968 -37.119000 -55.867000 -27.499000 1
17927 -39.262000 -54.562000 -22.186000 1
17944 -34.201000 -54.211000 -23.011000 1
17945 -39.187000 -55.235000 -22.805000 1
17964 -34.745000 -54.131000 -23.619000 1
17965 -35.265000 -54.016000 -24.220000 1
17982 -34.935000 -54.794000 -24.177000 1
17983 -35.736000 -54.299000 -24.982000 1
17984 -38.985000 -55.189000 -23.701000 1
18000 -36.598000 -55.024000 -26.182000 1
18001 -37.042000 -54.533000 -25.951000 1
18021 -37.106000 -55.208000 -26.502000 1
18963 -39.666000 -53.303000 -21.463000 1
18972 -34.534000 -53.554000 -23.160000 1
18974 -39.744000 -53.282000 -21.950000 1
18981 -35.111000 -53.464000 -23.796000 1
18982 -35.763000 -53.370000 -24.659000 1
18992 -36.537000 -53.009000 -25.340000 1
18999 -36.489000 -54.278000 -25.694000 1
19000 -36.873000 -53.625000 -25.655000 1
19968 -34.885000 -52.249000 -23.045000 1
19979 -34.850000 -52.974000 -23.331000 1
19980 -35.448000 -52.673000 -23.933000 1
19981 -35.974000 -52.026000 -24.390000 1
19992 -36.075000 -52.623000 -24.767000 1
133058 -36.005000 -54.791000 -25.620000 1
135105 -34.050000 -57.785000 -29.552000 1
138081 -34.409000 -54.686000 -23.469000 1
140711 -35.957000 -58.211000 -28.331000 1
142426 -36.401000 -59.261000 -26.887000 1
143446 -38.961000 -57.614000 -23.632000 1
145155 -39.237000 -55.554000 -23.295000 1
145283 -35.455000 -51.965000 -23.665000 1
145997 -32.560000 -58.555000 -27.136000 1
148059 -32.552000 -58.009000 -31.099000 1
150754 -31.895000 -58.707000 -27.512000 1
151263 -32.792000 -57.878000 -29.445000 1
151803 -34.277000 -56.530000 -24.518000 1
151846 -36.310000 -53.668000 -25.352000 1
155253 -37.350000 -58.740000 -25.669000 1
156028 -36.774000 -59.268000 -25.811000 1
157166 -36.172000 -57.449000 -28.413000 1
157367 -38.799000 -57.373000 -23.119000 1
157490 -39.475000 -53.852000 -21.908000 1
158579 -38.297000 -57.702000 -22.433000 1
159035 -33.001000 -58.219000 -30.959000 1
159716 -34.112000 -57.890000 -29.898000 1
