# Stage2 ROI 1
167
56932 -41.363995 -16.870827 -15.751219 1
56947 -41.636276 -16.782528 -16.703997 1
56959 -41.860355 -16.361107 -17.875359 1
56960 -42.181297 -15.823399 -19.277143 1
57964 -40.945404 -16.212769 -14.927880 1
57974 -41.354538 -16.161264 -15.622358 1
57975 -41.515324 -15.923097 -16.478031 1
57985 -41.559059 -15.577954 -17.588854 1
57997 -41.685066 -15.213537 -18.831217 1
57998 -42.043495 -14.837282 -20.164948 1
58013 -41.436226 -14.424655 -19.702034 1
58014 -41.742676 -14.170954 -21.067980 1
58024 -40.167885 -14.125963 -23.663378 1
58025 -41.865711 -14.405984 -22.303936 1
58933 -40.766647 -15.162449 -14.822636 1
58947 -41.014191 -15.381192 -15.449000 1
58957 -41.182079 -15.013467 -16.334896 1
58958 -41.326187 -14.853252 -17.350401 1
58965 -41.164146 -14.227357 -17.260809 1
58975 -40.434593 -13.457850 -19.760984 1
58976 -41.382236 -14.605484 -18.497282 1
58989 -39.483128 -13.197285 -21.331970 1
58990 -40.879330 -13.726102 -20.464367 1
58995 -39.082241 -13.701954 -23.199650 1
58996 -40.761070 -13.672465 -22.128033 1
59889 -40.652119 -14.196802 -14.750298 1
59901 -40.789623 -13.970456 -15.492522 1
59912 -40.982853 -13.654849 -16.237692 1
59920 -40.884094 -13.451522 -17.793360 1
59921 -40.970177 -13.927148 -18.354834 1
59932 -40.405838 -13.065417 -19.025297 1
59947 -38.244812 -13.061727 -22.046103 1
59948 -39.669735 -12.819234 -20.371916 1
60965 -40.494514 -13.724169 -13.787276 1
60971 -40.848755 -13.055757 -14.439804 1
60979 -40.814114 -13.434382 -14.667823 1
60991 -40.581806 -12.278417 -16.118862 1
61004 -40.568909 -12.437559 -16.817635 1
61005 -40.926365 -12.952532 -17.132765 1
61013 -40.449116 -12.185054 -17.769981 1
61014 -40.455971 -12.547472 -18.458975 1
61023 -39.618599 -12.145459 -19.328142 1
61024 -39.799736 -12.547222 -19.535364 1
61035 -39.041931 -12.455723 -20.811302 1
61973 -40.699017 -13.201571 -13.685385 1
61984 -40.532143 -12.502951 -14.089897 1
61985 -40.566891 -12.959615 -13.667677 1
61991 -40.600731 -12.490237 -14.684190 1
62001 -40.733196 -12.548285 -15.157260 1
62021 -40.142281 -11.974955 -17.105021 1
62030 -39.802479 -11.873941 -18.580006 1
62038 -39.103363 -12.009972 -20.444866 1
62047 -38.338852 -12.490067 -21.972103 1
62919 -40.278759 -12.417758 -13.703144 1
62925 -40.262405 -11.890023 -14.628355 1
62926 -40.205074 -12.085775 -13.930965 1
62938 -40.089127 -11.336308 -15.826369 1
62939 -40.406837 -11.933021 -15.193290 1
62947 -39.947319 -11.306849 -16.339079 1
62948 -40.331718 -11.800026 -15.849061 1
62960 -40.060921 -11.334866 -17.634598 1
62970 -39.741135 -11.342757 -18.795198 1
62979 -39.298676 -11.459261 -20.200087 1
62991 -38.709713 -11.788291 -21.744513 1
63004 -37.601406 -12.241411 -23.116537 1
63857 -40.331238 -12.199569 -14.011854 1
63858 -40.382542 -12.267482 -14.056823 1
63866 -40.137836 -11.693220 -14.639293 1
63867 -40.270767 -11.921789 -14.208182 1
63868 -40.202797 -11.805782 -14.562406 1
63869 -40.253895 -11.901543 -14.530145 1
63875 -40.002266 -11.368905 -15.145758 1
63882 -40.206482 -11.479461 -15.292818 1
63891 -39.756504 -10.810108 -16.459373 1
63903 -39.889236 -10.904900 -17.156647 1
63926 -39.587959 -10.886580 -19.663544 1
63941 -39.337513 -11.059472 -21.261145 1
63957 -38.603333 -10.688850 -23.865017 1
64835 -39.997513 -11.260388 -15.171679 1
64836 -40.015888 -11.189478 -15.215772 1
64837 -40.107613 -11.400544 -15.039802 1
64838 -40.156536 -11.547157 -14.891333 1
64843 -39.817783 -10.833958 -15.582044 1
64844 -39.785347 -10.721170 -15.663946 1
64849 -39.782005 -10.800406 -15.988033 1
64850 -39.748047 -10.438412 -16.002218 1
64858 -39.357498 -9.721629 -16.992863 1
64859 -39.547443 -10.113998 -16.432028 1
64878 -39.989090 -9.738780 -20.108061 1
64885 -39.762264 -9.825537 -22.157003 1
65793 -39.869324 -10.632324 -15.779312 1
65794 -39.933922 -10.831136 -15.561436 1
65795 -39.990368 -11.030828 -15.369969 1
65800 -39.653431 -10.260744 -16.052813 1
65801 -39.702126 -10.083857 -16.227766 1
65802 -39.710262 -10.234713 -16.069374 1
65803 -39.746086 -10.430495 -15.869368 1
65804 -39.955875 -10.925222 -15.419587 1
65808 -39.576515 -9.771871 -16.486490 1
65809 -39.404182 -9.693531 -16.464855 1
65816 -39.202312 -9.443631 -16.867874 1
65828 -39.361088 -9.273963 -17.451225 1
65834 -39.803295 -9.194990 -18.940273 1
66826 -39.515667 -9.633352 -16.406652 1
66827 -39.521355 -9.667637 -16.379250 1
66828 -39.732315 -10.231112 -15.941857 1
66832 -39.180298 -9.133199 -16.862585 1
66833 -39.370968 -8.987457 -16.756662 1
66834 -39.382626 -8.805633 -16.872334 1
66843 -39.134388 -8.993256 -17.218044 1
66856 -39.513168 -8.718749 -18.197056 1
66857 -39.459843 -8.241230 -17.813080 1
66862 -39.898071 -8.567422 -19.540628 1
66870 -39.934826 -8.417774 -21.070408 1
67850 -39.202522 -8.473683 -17.144770 1
67851 -39.259350 -8.416435 -17.113726 1
67852 -39.422924 -7.856044 -17.467558 1
67853 -39.414398 -8.629473 -17.117819 1
67860 -39.461952 -7.768691 -17.664175 1
67861 -39.420364 -7.788120 -17.357725 1
67875 -39.799004 -8.032387 -18.802000 1
67876 -39.749290 -7.509909 -18.446980 1
67888 -39.989941 -7.386479 -19.503044 1
68863 -39.501629 -7.511402 -17.510229 1
68870 -39.720512 -6.947152 -18.314453 1
68871 -39.615334 -7.137755 -17.851322 1
68888 -39.920105 -6.431163 -18.463995 1
70046 -39.765205 -6.527536 -17.954397 1
134119 -39.702919 -6.810987 -17.813286 1
134157 -40.933559 -12.975614 -16.177048 1
134169 -40.718929 -12.846600 -14.228692 1
134381 -39.165894 -8.521085 -17.305101 1
136635 -39.696472 -10.408201 -20.762648 1
137006 -39.957569 -10.981936 -15.603431 1
137549 -40.953388 -13.114334 -15.383862 1
139491 -38.137604 -11.405252 -23.851673 1
139710 -39.984962 -7.905666 -20.100849 1
139718 -39.983280 -9.075175 -20.432920 1
140995 -39.673183 -9.778527 -17.995255 1
141199 -40.105114 -11.606944 -14.771602 1
141288 -39.919537 -10.277624 -19.157635 1
141329 -39.652458 -10.177163 -17.116434 1
141614 -40.413013 -12.177757 -14.643951 1
141685 -39.774723 -10.788924 -18.362215 1
142167 -39.550850 -7.288132 -17.657310 1
142412 -41.095043 -13.949379 -16.722860 1
143907 -39.322926 -8.242476 -17.187725 1
144773 -40.994370 -16.891745 -15.166451 1
146666 -39.351048 -10.522627 -22.621895 1
147271 -40.940876 -14.517056 -15.813459 1
147449 -39.771526 -10.322415 -17.879108 1
148128 -40.528923 -13.839456 -14.132241 1
148614 -39.303890 -9.208263 -16.700232 1
148950 -40.113865 -11.581362 -16.634098 1
150966 -39.420212 -7.847901 -17.342903 1
151066 -40.068623 -11.715163 -17.918640 1
151760 -39.625450 -10.339770 -16.552334 1
152604 -38.885513 -11.110116 -22.723680 1
152629 -39.521832 -9.514744 -16.492586 1
153281 -39.469906 -11.774860 -19.422157 1
155730 -41.007980 -14.038505 -19.340706 1
156222 -40.511425 -14.228505 -14.238675 1
156269 -39.897453 -9.436826 -21.228117 1
157125 -42.221436 -14.575188 -21.204296 1
157277 -39.960999 -12.158130 -18.506393 1
158101 -39.150852 -9.335355 -16.891003 1
158392 -39.636856 -9.972325 -16.179632 1
