# stage2_2 (cortical surface) roi 3
136
11398 -38.0780 -61.4821 -27.5515 1
11413 -37.7144 -61.2867 -28.4660 1
11419 -36.8944 -60.8421 -30.1602 1
12410 -40.2467 -60.3990 -25.5319 1
12411 -41.0948 -59.9429 -24.8832 1
12425 -39.6783 -60.4163 -26.3765 1
12455 -37.6506 -60.5259 -29.4417 1
12476 -36.5185 -59.8000 -31.3101 1
12477 -37.3814 -59.2801 -30.8098 1
12478 -38.2507 -59.2338 -29.8774 1
12497 -36.0629 -58.4321 -32.4339 1
12498 -36.7645 -58.4286 -31.8248 1
12511 -34.8901 -57.7336 -33.7933 1
12512 -35.5367 -57.5946 -33.3366 1
13456 -42.3571 -58.7042 -22.4032 1
13464 -42.1720 -59.2592 -23.3747 1
13479 -40.2712 -59.7418 -26.4244 1
13480 -41.0471 -59.3727 -25.6828 1
13486 -32.3386 -57.1277 -26.3925 1
13487 -32.8227 -56.7456 -26.7382 1
13488 -40.8582 -58.7615 -26.6791 1
13496 -32.9685 -56.4484 -27.6293 1
13497 -39.3243 -59.6704 -27.9473 1
13498 -40.1085 -59.1253 -27.4184 1
13510 -31.4763 -56.7045 -28.9340 1
13511 -32.3761 -56.3411 -29.0166 1
13512 -33.0848 -55.8591 -28.8442 1
13513 -38.9249 -59.0993 -29.0717 1
13528 -32.1194 -56.1300 -30.2999 1
13529 -33.5019 -55.8459 -30.2635 1
13530 -37.2387 -57.5315 -31.8636 1
13545 -31.2887 -56.1681 -31.8564 1
13546 -32.0396 -56.1483 -31.4613 1
13548 -33.9593 -56.3224 -31.8155 1
13549 -36.0255 -56.8915 -33.2781 1
13550 -36.5924 -57.2472 -32.5754 1
13567 -32.6635 -56.5686 -33.2523 1
13568 -34.6384 -56.7832 -33.5537 1
13569 -35.2455 -57.3005 -33.7012 1
14622 -40.3974 -57.7013 -21.6486 1
14632 -42.6816 -57.7363 -23.9500 1
14640 -41.7759 -58.9543 -24.9820 1
14641 -42.3936 -57.8312 -24.9497 1
14650 -33.0134 -56.0858 -26.1690 1
14651 -41.6862 -58.1888 -25.9568 1
14652 -42.2137 -57.2909 -25.8407 1
14660 -32.9119 -56.5396 -26.4871 1
14661 -33.5234 -55.3502 -27.3829 1
14662 -41.2807 -57.8036 -26.9969 1
14671 -33.2706 -56.0846 -27.6277 1
14672 -34.2137 -54.9747 -28.7385 1
14681 -33.7440 -55.5723 -28.7786 1
14682 -34.9046 -55.1488 -30.0531 1
14683 -38.7215 -57.6180 -30.2314 1
14685 -39.9036 -55.6826 -29.8634 1
14695 -34.1811 -55.2579 -30.3361 1
14696 -35.6469 -55.3447 -31.8557 1
14697 -37.6600 -56.2117 -32.0736 1
14698 -38.4184 -55.6916 -31.4046 1
14705 -36.4280 -56.2071 -33.2278 1
14706 -36.9617 -56.1979 -32.8057 1
14718 -35.1446 -56.5042 -33.3824 1
14719 -35.7708 -57.0719 -33.3664 1
15757 -41.9007 -57.5592 -21.8410 1
15764 -42.4966 -57.2412 -22.2933 1
15765 -42.8437 -57.2286 -23.2916 1
15774 -32.8224 -55.0022 -25.1051 1
15775 -42.7903 -57.0501 -24.3830 1
15783 -33.6056 -55.1315 -26.8521 1
15784 -42.5577 -56.8812 -25.3005 1
15792 -34.2154 -54.5933 -27.9225 1
15793 -35.1490 -54.0038 -28.3594 1
15816 -38.2763 -54.7314 -31.5043 1
15817 -39.2161 -54.8943 -30.9593 1
15828 -37.7673 -55.1605 -32.1947 1
15837 -37.0805 -55.6790 -32.7130 1
16885 -41.8799 -56.6789 -21.5718 1
16886 -42.3344 -56.0800 -21.8235 1
16899 -32.8138 -54.1684 -24.3194 1
16900 -42.7029 -56.6221 -22.5506 1
16913 -33.0807 -54.3256 -25.1050 1
16914 -42.9418 -56.5568 -23.6591 1
16926 -33.5648 -54.4009 -26.0581 1
16927 -34.8914 -53.8924 -27.2208 1
16928 -42.6975 -56.1294 -25.1191 1
16939 -34.1596 -54.6287 -26.9764 1
16940 -35.8038 -53.5617 -28.3963 1
16953 -36.5601 -53.4942 -29.4809 1
16954 -38.1891 -53.5345 -30.2855 1
16968 -39.1292 -54.0756 -30.9829 1
17927 -42.4142 -55.4578 -21.6048 1
17944 -33.1805 -53.5683 -24.4366 1
17945 -42.9252 -55.9078 -22.9652 1
17964 -33.7140 -53.2544 -25.3066 1
17965 -34.3988 -53.0927 -26.0092 1
17982 -33.9645 -53.6704 -25.9593 1
17983 -35.0740 -53.1904 -26.9637 1
17984 -42.5422 -55.0279 -25.3923 1
18000 -37.1349 -53.1809 -29.2525 1
18001 -38.5003 -53.0157 -28.4800 1
18021 -39.0032 -53.2795 -30.1281 1
18963 -42.4799 -54.6619 -20.4556 1
18972 -33.5082 -52.9101 -24.7711 1
18974 -42.7895 -54.6155 -21.5019 1
18981 -34.1596 -52.6935 -25.5766 1
18982 -35.1446 -52.5665 -26.5931 1
18992 -36.3982 -52.2242 -27.3251 1
18999 -36.5132 -53.0617 -28.1263 1
19000 -37.3608 -52.4927 -28.1762 1
19968 -34.1413 -51.8791 -24.7893 1
19979 -33.9878 -52.4167 -25.0242 1
19980 -34.7371 -52.0433 -25.8123 1
19981 -35.6628 -51.6017 -26.1994 1
19992 -35.7698 -52.0259 -26.5760 1
133058 -35.7745 -53.3103 -28.0104 1
135105 -34.7659 -56.0293 -31.9901 1
138081 -33.3193 -53.7959 -25.0054 1
140711 -37.9440 -57.7851 -31.0736 1
142426 -38.4497 -60.3702 -28.4748 1
143446 -42.3090 -58.5899 -24.0903 1
145155 -42.9724 -55.8378 -24.2045 1
145283 -34.7637 -51.5027 -25.4304 1
145997 -32.4452 -56.7623 -27.6702 1
148059 -33.9267 -57.4343 -33.8502 1
150754 -31.7051 -56.8778 -28.0415 1
151263 -32.9691 -55.8725 -30.6784 1
151803 -33.0764 -55.1074 -26.0293 1
151846 -36.0050 -52.7176 -27.4485 1
155253 -39.6890 -59.9860 -27.0363 1
156028 -39.0113 -60.7287 -27.1060 1
157166 -38.2297 -56.7635 -31.2734 1
157367 -42.5868 -58.0920 -22.7926 1
157490 -42.5041 -55.0116 -21.2066 1
158579 -42.2007 -58.2014 -22.1686 1
159035 -34.7876 -57.3173 -34.0676 1
159716 -35.6952 -56.5158 -33.2352 1
