# stage2_3 (non-target) roi 2
175
38314 -39.0618 -35.0028 -5.3672 1
38322 -40.1441 -35.1781 -5.6843 1
38323 -40.9955 -35.8543 -6.0442 1
38324 -42.0933 -35.7217 -6.9909 1
38333 -42.9253 -35.7247 -8.0914 1
39458 -38.8072 -34.1249 -5.4335 1
39466 -39.8952 -34.0964 -6.0195 1
39467 -41.0146 -34.8591 -6.4912 1
39473 -40.9970 -33.9061 -6.8490 1
39474 -41.9484 -34.7505 -7.3807 1
39482 -42.6696 -34.7936 -8.4621 1
39483 -43.3009 -34.9247 -9.5306 1
40551 -37.6274 -33.6115 -5.1841 1
40552 -38.4912 -33.3832 -5.5531 1
40553 -39.1988 -33.6018 -5.7669 1
40558 -39.1919 -32.9784 -6.2012 1
40559 -39.6859 -33.3473 -6.2501 1
40560 -40.3021 -33.3505 -6.5744 1
40565 -41.8099 -33.8090 -7.7551 1
40573 -42.4897 -33.8076 -8.7164 1
40574 -42.9699 -33.9748 -9.7536 1
40589 -43.5028 -34.3174 -10.7179 1
41655 -37.6529 -32.7597 -5.3552 1
41656 -38.0119 -32.9935 -5.4540 1
41664 -38.6921 -32.6497 -6.0826 1
41665 -39.5081 -32.4183 -6.5987 1
41666 -39.9803 -32.8260 -6.6548 1
41669 -40.2860 -32.2795 -7.1560 1
41670 -40.8481 -32.9844 -7.3025 1
41671 -41.7011 -32.9341 -8.1805 1
41681 -42.3004 -32.8712 -9.0902 1
41682 -42.7868 -33.2663 -9.9601 1
41695 -42.5749 -32.4749 -9.7100 1
41696 -42.9285 -33.0659 -10.4233 1
41715 -43.3790 -33.3195 -11.0500 1
42750 -37.3044 -32.6466 -5.3241 1
42766 -37.9278 -32.2997 -5.7593 1
42767 -38.2714 -32.3805 -5.9551 1
42779 -39.0150 -32.0969 -6.5206 1
42783 -39.7658 -31.8723 -7.0620 1
42784 -40.5350 -31.6501 -7.6835 1
42785 -41.0443 -32.2523 -7.8529 1
42796 -41.0838 -31.2438 -8.2236 1
42797 -41.3658 -31.7732 -8.3144 1
42798 -41.7513 -31.3813 -8.8502 1
42810 -41.9542 -32.0667 -9.0708 1
42811 -42.4201 -31.6226 -9.6971 1
42835 -42.8736 -32.3927 -10.4870 1
42836 -43.5120 -32.4547 -11.2010 1
43823 -37.8685 -32.1658 -5.7112 1
43836 -37.7100 -32.3773 -5.5575 1
43837 -37.9532 -32.0277 -5.8277 1
43850 -38.1028 -31.8351 -6.0051 1
43851 -38.6775 -31.5722 -6.4350 1
43863 -38.6017 -31.8344 -6.3439 1
43864 -39.4342 -31.5447 -6.9362 1
43865 -39.9952 -31.1361 -7.4384 1
43875 -40.0124 -31.4106 -7.3682 1
43876 -40.4483 -31.1400 -7.7779 1
43877 -40.8636 -30.8375 -8.1703 1
43891 -41.4027 -30.8684 -8.7196 1
43892 -41.9767 -30.9165 -9.3821 1
43904 -42.5806 -30.9571 -10.0545 1
43905 -42.9863 -30.9002 -10.6716 1
43924 -42.9897 -31.6025 -10.6821 1
43925 -43.4873 -31.1521 -11.1991 1
43948 -43.9318 -31.5253 -11.9955 1
44829 -38.3680 -31.7572 -6.0281 1
44830 -38.6865 -31.8190 -6.2991 1
44831 -39.0482 -31.9287 -6.4649 1
44836 -38.2452 -31.7329 -6.0550 1
44837 -38.5872 -31.6443 -6.3463 1
44838 -38.8709 -31.5269 -6.5524 1
44839 -39.1711 -31.4722 -6.7795 1
44840 -39.5218 -31.5201 -6.9529 1
44853 -38.3210 -31.6829 -6.1439 1
44854 -38.7860 -31.4861 -6.5364 1
44855 -39.1038 -31.3244 -6.7947 1
44856 -40.5907 -30.8753 -7.9494 1
44867 -39.1762 -31.2687 -6.8811 1
44868 -39.6733 -30.8703 -7.2964 1
44878 -39.5631 -31.1526 -7.1571 1
44879 -40.1119 -30.7558 -7.6214 1
44890 -40.6930 -30.6072 -8.0555 1
44891 -41.1725 -30.5101 -8.5434 1
44902 -41.6932 -30.4817 -9.1014 1
44903 -42.1805 -30.4309 -9.7407 1
44921 -42.7599 -30.4709 -10.3241 1
44922 -43.3351 -30.4738 -11.0104 1
44942 -43.8335 -30.3260 -11.7553 1
44963 -43.7893 -30.8259 -11.5972 1
44964 -44.1563 -30.8311 -12.2420 1
44965 -44.6318 -30.2099 -12.9766 1
44982 -45.2788 -30.1982 -14.2949 1
44997 -45.6272 -30.3997 -15.0946 1
45894 -39.4075 -31.1195 -6.9735 1
45895 -39.7556 -31.0521 -7.2497 1
45896 -40.2004 -30.8921 -7.6522 1
45908 -39.4012 -31.1010 -6.9954 1
45909 -39.6380 -30.9256 -7.2053 1
45910 -39.9178 -30.7954 -7.4621 1
45911 -40.2336 -30.6404 -7.7277 1
45912 -40.6219 -30.5204 -8.0024 1
45913 -41.0102 -30.5854 -8.3090 1
45924 -39.8666 -30.7474 -7.4553 1
45925 -40.1095 -30.5855 -7.6542 1
45926 -40.3814 -30.3988 -7.8857 1
45927 -41.0510 -30.2784 -8.4817 1
45928 -41.4430 -30.3470 -8.8703 1
45940 -40.0974 -30.4752 -7.6889 1
45941 -40.5812 -30.2988 -8.0647 1
45942 -41.9320 -30.1292 -9.4345 1
45951 -40.4904 -30.4480 -7.9502 1
45952 -40.9816 -30.3226 -8.4279 1
45953 -41.4591 -30.1135 -8.9946 1
45962 -41.4170 -30.2415 -8.9100 1
45963 -41.9012 -30.1446 -9.4753 1
45964 -42.3577 -30.0173 -10.0221 1
45981 -42.3755 -30.1503 -10.0421 1
45982 -42.8660 -30.0909 -10.5894 1
45983 -43.2370 -29.9467 -11.0122 1
46004 -43.4368 -30.1172 -11.1524 1
46005 -43.7481 -30.0000 -11.5905 1
46006 -44.1891 -29.8375 -12.0673 1
46027 -44.3116 -30.0852 -12.2072 1
46028 -44.6866 -29.9322 -12.7860 1
46029 -44.9715 -29.8007 -13.4128 1
46040 -44.9567 -30.0072 -13.5571 1
46041 -45.3039 -29.8950 -14.0804 1
46055 -45.6336 -29.9994 -14.8149 1
46889 -40.6338 -30.2663 -8.1081 1
46890 -40.8518 -30.1823 -8.2982 1
46891 -41.2799 -30.2016 -8.7650 1
46892 -41.5738 -30.1748 -9.0888 1
46906 -41.1998 -30.2222 -8.6749 1
46907 -41.6970 -30.1295 -9.2394 1
46908 -42.1230 -30.0180 -9.6671 1
46916 -41.0762 -30.2449 -8.5467 1
46917 -41.5757 -30.1346 -9.1098 1
46918 -42.0627 -30.0128 -9.6570 1
46919 -42.4399 -29.9827 -10.0160 1
46920 -42.7015 -29.9754 -10.2732 1
46933 -41.9413 -30.0422 -9.5450 1
46934 -42.3896 -29.9778 -10.0133 1
46935 -42.8014 -29.9423 -10.3923 1
46936 -43.2054 -29.8878 -10.8479 1
46937 -43.5427 -29.8396 -11.2010 1
46956 -42.8244 -30.0155 -10.4587 1
46957 -43.3304 -29.8666 -11.0151 1
46958 -43.7393 -29.8447 -11.4353 1
46959 -44.0390 -29.7321 -11.8240 1
46980 -43.6613 -29.8937 -11.3260 1
46981 -44.6189 -29.6192 -12.6795 1
46982 -44.9642 -29.5912 -13.2673 1
47004 -44.6628 -29.7649 -12.7306 1
47005 -44.9910 -29.7121 -13.3224 1
47006 -45.4112 -29.7596 -13.8969 1
48036 -45.6966 -29.7332 -14.3081 1
132419 -39.0366 -31.3905 -6.7453 1
139447 -44.2056 -29.6444 -12.0526 1
139487 -43.6451 -31.8132 -11.3655 1
140800 -44.5044 -29.6243 -12.4872 1
141644 -37.4672 -33.2875 -5.0801 1
142065 -42.8974 -29.8894 -10.5053 1
144215 -44.3146 -29.6536 -12.2424 1
144290 -40.2576 -30.4449 -7.7793 1
145528 -41.7100 -32.3267 -8.4515 1
147657 -43.9212 -29.7703 -11.6819 1
151946 -40.6312 -30.3448 -8.0607 1
152673 -45.3872 -29.7602 -13.8571 1
153336 -44.3661 -30.4430 -12.4090 1
154236 -40.3869 -30.8414 -7.8057 1
155898 -43.1383 -29.9104 -10.8627 1
156853 -42.4251 -29.9783 -10.0122 1
159040 -42.0680 -30.0045 -9.6471 1
