# stage2_3 (non-target) roi 1
123
50907 -45.8177 -22.1458 -27.2194 1
51864 -45.1256 -21.6141 -25.8552 1
51866 -46.6670 -21.2409 -27.3248 1
52796 -43.0859 -21.4782 -18.5087 1
52804 -43.2313 -21.2734 -19.4097 1
52847 -45.4964 -19.7600 -24.7064 1
52854 -46.6794 -19.4834 -26.7435 1
52855 -53.3707 -19.9252 -26.7005 1
52856 -47.6101 -20.2963 -27.3981 1
52858 -51.6852 -19.7623 -27.8232 1
53805 -42.0831 -19.7678 -17.6658 1
53806 -42.3979 -19.8049 -18.9109 1
53819 -42.9163 -19.6712 -19.4178 1
53820 -43.1536 -20.1992 -19.8784 1
53831 -43.1549 -18.8474 -20.1797 1
53832 -43.4587 -19.5523 -20.8850 1
53841 -44.0570 -19.0450 -21.9218 1
53850 -45.4211 -18.6528 -24.3324 1
53856 -46.7588 -18.4925 -25.8455 1
53862 -48.5031 -18.5422 -27.3064 1
53863 -50.1356 -18.1297 -27.3718 1
53864 -52.1878 -18.7599 -26.9919 1
53865 -48.5022 -19.4087 -27.5425 1
53866 -50.0706 -18.8530 -27.8903 1
54872 -41.2440 -19.3013 -16.0190 1
54880 -41.3229 -18.0727 -16.6824 1
54881 -41.7057 -19.3091 -17.0048 1
54888 -42.0683 -18.8033 -17.7061 1
54889 -42.1873 -19.0072 -18.5597 1
54903 -42.7597 -18.8456 -19.2686 1
54910 -43.8920 -18.2942 -21.1951 1
54918 -45.4170 -16.4042 -22.6932 1
54924 -44.6075 -17.7602 -22.4970 1
54925 -45.4575 -17.6262 -23.8534 1
54930 -47.1656 -17.8615 -24.8087 1
54931 -49.6702 -17.2921 -25.3152 1
54936 -48.8138 -17.8230 -26.4207 1
54937 -51.2878 -17.7366 -26.0252 1
55857 -40.3460 -18.0420 -14.0263 1
55869 -40.6012 -18.3454 -14.5101 1
55870 -40.8131 -18.0148 -15.1536 1
55884 -41.0245 -18.0632 -15.9238 1
55885 -41.4668 -17.1826 -16.2776 1
55890 -42.0259 -17.3591 -16.9609 1
55891 -42.4536 -16.9897 -17.4630 1
55898 -42.0206 -18.0512 -17.3767 1
55899 -42.4806 -17.7788 -18.1351 1
55912 -43.0189 -17.1149 -18.9547 1
55913 -43.5469 -16.4886 -19.7281 1
55920 -43.2672 -17.7253 -19.6992 1
55921 -43.7424 -16.8366 -20.6241 1
55922 -44.9256 -16.2509 -21.3116 1
55930 -44.1684 -17.2426 -21.5552 1
55931 -47.2909 -15.5599 -23.3746 1
55939 -46.4797 -16.5072 -23.8843 1
55947 -46.6783 -17.2833 -24.3019 1
55948 -48.1419 -17.0087 -24.6443 1
56917 -42.7521 -15.7944 -16.5935 1
56922 -42.3142 -16.5865 -16.7651 1
56923 -42.9348 -16.0046 -17.3094 1
56933 -43.1752 -16.3900 -18.0629 1
56948 -43.5469 -16.1437 -18.8707 1
56949 -44.1455 -15.4736 -19.4335 1
56950 -45.2600 -15.2917 -19.7397 1
56951 -46.7968 -15.2143 -19.8616 1
56961 -44.6200 -16.0564 -20.2418 1
56962 -45.8527 -15.5978 -20.7762 1
56963 -47.2403 -15.1517 -21.2426 1
56964 -48.7184 -14.5468 -22.2104 1
57943 -43.0042 -15.0871 -15.7918 1
57954 -43.2894 -15.1825 -16.3852 1
57955 -43.9231 -14.6950 -17.0849 1
57965 -43.5516 -15.2937 -17.0443 1
57978 -47.2075 -15.0177 -18.1403 1
57986 -46.5009 -15.2619 -18.7610 1
57987 -47.5068 -14.9148 -19.1573 1
57988 -48.4947 -14.2118 -20.1100 1
57999 -47.9432 -14.6293 -20.7033 1
58000 -49.3266 -14.0863 -21.6757 1
58925 -43.1184 -14.4553 -16.0487 1
58926 -43.6349 -14.4200 -16.3736 1
58934 -43.5351 -14.5252 -16.5543 1
58935 -44.2471 -14.4268 -16.6956 1
58961 -48.2314 -14.2295 -18.3808 1
58966 -47.9765 -14.5698 -18.6742 1
58967 -48.7735 -14.0007 -19.4442 1
59883 -43.3389 -14.3267 -16.1042 1
59890 -44.0947 -14.2699 -16.3591 1
59891 -44.8596 -14.3153 -16.6660 1
60972 -42.8910 -14.2903 -15.8835 1
60973 -43.7501 -14.1720 -16.1711 1
60980 -44.4711 -14.2872 -16.5126 1
60981 -45.2376 -14.4013 -16.9279 1
61993 -42.5624 -14.3906 -15.3936 1
61994 -43.4312 -14.1892 -15.9685 1
61995 -44.0860 -14.1482 -16.3524 1
62002 -43.9803 -14.1547 -16.2990 1
62003 -44.8040 -14.3401 -16.6967 1
62010 -45.5480 -14.5077 -17.1636 1
62934 -43.2081 -14.1769 -15.7590 1
62941 -42.7039 -14.2733 -15.8718 1
62942 -43.6507 -14.1963 -16.2250 1
62943 -44.5226 -14.3450 -16.6374 1
62949 -43.0817 -14.3095 -16.3975 1
62950 -44.0110 -14.4733 -16.7928 1
62951 -44.7592 -14.6239 -17.0859 1
62961 -45.2141 -14.7839 -17.3396 1
63894 -42.3220 -13.8080 -16.8804 1
63895 -43.4003 -14.3303 -17.1225 1
63896 -44.4641 -14.8150 -17.3639 1
63906 -43.7077 -14.4725 -18.0350 1
63907 -45.3571 -14.8018 -17.8230 1
136561 -42.9216 -20.5449 -19.0656 1
142523 -45.3714 -20.7329 -25.0855 1
144138 -42.4893 -20.6262 -18.4370 1
145796 -46.0177 -20.5569 -26.8923 1
146470 -42.8436 -18.1325 -18.8645 1
147905 -44.5170 -19.5166 -23.7326 1
153632 -44.5856 -14.8979 -18.1701 1
154768 -43.8310 -17.8690 -20.5055 1
154857 -41.1473 -17.3938 -15.6253 1
155644 -42.2421 -20.0077 -18.2524 1
158246 -45.4102 -17.1066 -23.2210 1
