# Stage2 ROI 3
196
18994 -42.492149 -53.530704 -26.230585 1
19946 -40.559174 -53.570229 -18.990774 1
19947 -41.757172 -53.904282 -19.697502 1
19948 -42.338364 -53.406113 -19.474407 1
19957 -42.943581 -54.161472 -20.614771 1
19970 -43.172379 -54.107231 -22.358446 1
19982 -43.071774 -53.675446 -24.687634 1
19983 -43.380768 -53.475735 -23.513306 1
19993 -36.815777 -51.617241 -27.210375 1
19994 -38.977425 -51.948856 -27.354937 1
19995 -41.619053 -52.385151 -28.015423 1
19996 -42.444115 -52.696098 -26.777689 1
20007 -38.024445 -52.276554 -27.780539 1
20008 -40.573353 -52.577023 -28.296955 1
21015 -41.368546 -52.442108 -18.694614 1
21016 -42.960293 -52.936909 -19.258915 1
21017 -43.962837 -53.074162 -19.652517 1
21032 -43.621868 -53.723885 -20.128660 1
21047 -43.770760 -53.385475 -22.198042 1
21048 -44.115513 -53.134090 -21.084293 1
21061 -35.393406 -51.028801 -25.730225 1
21062 -36.468788 -51.069157 -26.557043 1
21063 -43.077587 -52.874783 -25.465069 1
21064 -43.368546 -52.571171 -24.829891 1
21080 -37.860939 -51.112675 -27.235168 1
21081 -39.709126 -51.884418 -27.176632 1
21082 -42.028534 -51.902020 -27.754322 1
21083 -42.788486 -51.916836 -27.192430 1
22109 -42.307518 -52.022030 -18.706375 1
22110 -44.167171 -52.428596 -19.145403 1
22111 -44.843624 -52.144623 -19.345200 1
22127 -44.470520 -52.622715 -20.310711 1
22128 -44.962467 -52.073208 -21.006779 1
22148 -44.044403 -52.649677 -23.205420 1
22149 -44.401199 -52.341503 -22.093773 1
22166 -35.247150 -50.648380 -25.104664 1
22167 -36.338608 -50.614021 -26.046867 1
22168 -37.379128 -50.281975 -26.331173 1
22169 -38.919334 -50.240017 -27.110819 1
22170 -43.634079 -51.880577 -25.175804 1
22186 -37.213444 -50.700378 -26.656773 1
22187 -38.415989 -50.571190 -27.207106 1
22188 -40.266357 -51.417751 -27.028662 1
22189 -42.265526 -51.721558 -27.575312 1
22190 -42.978600 -51.615719 -27.081219 1
23194 -41.805164 -50.980087 -18.272943 1
23195 -43.211689 -51.608624 -18.514605 1
23196 -45.081623 -51.164249 -18.789551 1
23197 -45.869034 -50.632698 -19.773767 1
23215 -45.373623 -51.391956 -20.332817 1
23231 -35.114788 -49.910473 -24.608902 1
23232 -44.650730 -51.649342 -22.977253 1
23233 -45.278946 -51.235474 -21.974844 1
23243 -36.047489 -49.775215 -25.160339 1
23244 -37.438656 -49.611885 -25.906717 1
23245 -38.678761 -49.877235 -26.341059 1
23246 -41.843338 -50.572788 -26.958488 1
23247 -44.111576 -51.322731 -25.004440 1
23248 -45.034790 -50.887619 -23.905762 1
23259 -40.750343 -51.111149 -26.969202 1
23260 -42.348972 -51.345783 -27.416422 1
23261 -43.303909 -51.265602 -26.870243 1
24305 -41.689320 -49.385719 -17.881111 1
24306 -43.042404 -49.726135 -17.855108 1
24307 -44.455231 -50.077339 -17.871197 1
24308 -45.544128 -50.133812 -18.556353 1
24309 -46.315914 -49.756569 -19.666117 1
24321 -45.753590 -50.741035 -21.123005 1
24322 -46.355789 -49.837948 -21.209974 1
24338 -45.695030 -50.406223 -22.525984 1
24339 -46.183563 -49.572418 -23.089882 1
24358 -35.542660 -49.418549 -24.780371 1
24359 -36.551579 -49.479755 -25.251297 1
24360 -37.811546 -49.534447 -25.989765 1
24361 -39.106197 -49.831371 -26.336321 1
24362 -40.969307 -50.052158 -26.736536 1
24363 -42.135826 -50.449722 -27.078495 1
24364 -44.967278 -50.320900 -25.082109 1
25421 -43.670261 -48.959431 -17.665186 1
25422 -45.057308 -49.361298 -17.747204 1
25423 -46.142498 -49.219608 -18.711527 1
25438 -47.471333 -47.905899 -21.783463 1
25452 -35.400818 -49.354626 -24.692375 1
25453 -36.313206 -49.215397 -24.981533 1
25454 -37.225750 -49.295223 -25.627733 1
25455 -38.400688 -49.664066 -26.011652 1
25456 -39.582005 -49.718891 -26.506046 1
25457 -40.944324 -49.771252 -26.838293 1
25458 -42.497627 -50.180893 -27.099844 1
25459 -44.776382 -50.103642 -25.968925 1
25460 -45.606720 -49.509388 -24.808111 1
25461 -46.580482 -48.649906 -23.916277 1
25479 -35.830017 -49.256218 -24.893454 1
25480 -36.631889 -49.167610 -25.141798 1
25494 -37.738174 -49.419933 -25.973553 1
25504 -38.424992 -49.987217 -26.698637 1
25505 -40.365887 -50.492508 -28.407106 1
25506 -40.979107 -50.405586 -28.685762 1
25512 -39.277267 -50.785629 -27.957655 1
25513 -40.417240 -50.827351 -28.955971 1
26601 -47.388580 -47.797543 -23.184635 1
26602 -47.990940 -46.925014 -22.396282 1
26612 -37.082958 -49.139622 -25.272690 1
26613 -37.792580 -49.236755 -25.739338 1
26614 -38.909565 -49.472382 -26.380842 1
26615 -40.170216 -49.704216 -26.614998 1
26616 -41.452797 -49.829948 -26.926523 1
26617 -43.102291 -50.554596 -27.444893 1
26618 -45.085331 -49.541775 -26.272968 1
26619 -46.116390 -48.572193 -25.531864 1
26620 -47.077869 -47.697815 -24.646976 1
26621 -47.815228 -46.622772 -24.000477 1
26634 -37.403816 -49.153816 -25.455187 1
26635 -38.294235 -49.333099 -26.034594 1
26636 -39.430382 -49.476860 -26.412601 1
26637 -40.565277 -49.725433 -26.772627 1
26638 -42.186287 -50.023884 -27.306931 1
26639 -43.947880 -50.123917 -27.722675 1
26640 -45.991150 -48.193436 -26.593161 1
26641 -46.745598 -47.463810 -25.827431 1
26642 -47.356998 -46.850197 -25.194656 1
26656 -37.119823 -49.126778 -25.379293 1
26657 -37.938023 -49.083591 -25.610798 1
26658 -38.780212 -49.349468 -26.243393 1
26659 -40.243793 -49.682167 -26.692627 1
26660 -41.908485 -50.000023 -27.759911 1
26661 -43.625675 -50.018963 -28.400711 1
26662 -44.714939 -49.030609 -28.155621 1
26663 -45.663052 -47.893646 -27.679697 1
26664 -46.522644 -47.103191 -26.923883 1
26669 -38.565044 -49.392082 -26.237421 1
26670 -40.068165 -50.227333 -27.343166 1
26671 -41.260975 -50.137562 -28.103590 1
26672 -42.911659 -50.413021 -29.648170 1
26673 -43.743046 -49.339493 -30.230688 1
26674 -44.281857 -49.076916 -29.252823 1
26675 -45.369022 -47.609966 -29.078869 1
27755 -48.160744 -45.353756 -24.155834 1
27765 -47.319397 -46.265915 -26.142778 1
27779 -46.355587 -46.673779 -28.123892 1
27780 -47.136829 -45.863728 -27.364737 1
28894 -48.371777 -43.831207 -22.828337 1
28906 -48.271862 -44.108601 -24.044327 1
28918 -48.036552 -44.602413 -25.283722 1
29932 -48.254635 -42.736534 -23.573309 1
29944 -48.043880 -42.172619 -26.639734 1
29945 -48.177383 -42.142269 -25.607365 1
29951 -48.049454 -42.286774 -27.832792 1
29952 -47.731789 -43.561111 -27.230268 1
29956 -48.441505 -41.757298 -29.362488 1
30978 -45.800846 -40.044796 -23.611132 1
30993 -45.729797 -40.368641 -24.718931 1
30994 -46.728340 -41.038452 -24.283550 1
30995 -47.984337 -41.818268 -24.444508 1
31008 -45.758831 -40.529373 -25.756468 1
31009 -47.753895 -41.355011 -25.627516 1
31015 -48.103348 -41.111900 -28.150568 1
31016 -47.792942 -41.346905 -26.956228 1
31020 -48.240471 -40.900738 -30.035727 1
132467 -44.662170 -39.546806 -23.935135 1
134037 -48.216198 -43.089539 -24.910278 1
135359 -39.443726 -50.321571 -27.294483 1
136530 -43.413071 -50.041470 -29.154736 1
137058 -43.448109 -53.870213 -21.621998 1
138530 -47.787483 -45.884083 -25.138586 1
140398 -42.218678 -48.727509 -17.610054 1
141031 -45.088566 -49.144878 -27.130074 1
141383 -43.641899 -50.843964 -26.834225 1
141416 -40.008476 -49.929043 -26.902122 1
143469 -46.167694 -40.687359 -26.654346 1
143481 -43.557545 -50.672569 -18.304344 1
144451 -42.451321 -50.445404 -18.092831 1
144452 -41.307438 -49.988888 -17.990385 1
144790 -41.282078 -53.211372 -19.040340 1
145420 -35.560829 -49.543617 -24.809446 1
145660 -47.941734 -40.488338 -28.824642 1
146160 -45.473339 -50.097088 -23.907192 1
146198 -36.265575 -50.106178 -25.646751 1
147478 -40.070938 -49.777649 -26.789436 1
149095 -35.403351 -50.187050 -24.946892 1
149360 -40.485836 -50.557453 -26.803640 1
149633 -46.981030 -48.793552 -22.222988 1
149796 -44.019096 -50.444672 -27.037962 1
152256 -48.056683 -43.320320 -26.075989 1
153280 -44.212448 -50.488651 -26.308743 1
153287 -43.532043 -50.636700 -27.200155 1
154076 -43.331722 -52.464661 -18.931831 1
154134 -44.343624 -51.807812 -18.600296 1
154287 -44.271667 -50.024757 -27.098425 1
154544 -44.228851 -52.020435 -23.697567 1
155271 -48.286125 -45.830532 -22.935501 1
156313 -44.389366 -50.767784 -25.372473 1
157257 -47.693558 -45.454082 -25.811050 1
158869 -39.053299 -49.986042 -26.712008 1
159364 -45.539989 -48.806225 -26.347225 1
159920 -48.341351 -44.850636 -23.262487 1
