# opus stage2 label
82
20869 -51.1983 -48.2262 -25.1585 1
20870 -52.3017 -47.6844 -25.7498 1
20892 -51.2888 -47.9158 -26.3179 1
20893 -52.7447 -47.3636 -26.6741 1
21943 -52.5225 -46.8296 -23.4485 1
21960 -52.6718 -47.5099 -24.7205 1
21961 -53.6950 -46.8524 -25.7202 1
21977 -54.2254 -46.2071 -26.7773 1
21991 -51.3481 -47.1920 -27.3904 1
21992 -52.9684 -46.8183 -27.4305 1
21993 -53.7310 -45.9180 -27.9107 1
22005 -52.2674 -46.3666 -28.1884 1
23091 -52.3304 -45.4692 -22.5643 1
23108 -53.7744 -44.3205 -23.3501 1
23109 -54.7397 -43.2080 -24.2718 1
23120 -54.2328 -45.6316 -24.5887 1
23121 -55.2457 -44.1482 -25.3231 1
23133 -55.4606 -44.7903 -26.4071 1
23147 -55.1994 -45.0204 -27.4229 1
23166 -53.2853 -45.5562 -28.8384 1
23167 -54.5310 -44.8933 -28.5012 1
23182 -54.0349 -44.6975 -29.5684 1
23183 -55.3790 -43.9588 -29.1188 1
24401 -54.9885 -42.1240 -25.0460 1
24412 -55.8127 -43.8705 -27.1058 1
24423 -55.9702 -43.3458 -28.8258 1
24435 -50.4440 -44.1034 -30.2517 1
24436 -51.8246 -44.0727 -30.2060 1
24437 -53.3133 -44.0358 -30.2157 1
24438 -54.8102 -43.4843 -29.8696 1
24439 -56.0545 -43.0816 -29.7124 1
24448 -51.6740 -43.5517 -30.7963 1
24449 -52.8748 -43.5611 -30.8545 1
24450 -54.4643 -43.1195 -30.5142 1
24451 -56.0488 -42.6873 -30.3082 1
24452 -56.1845 -42.4678 -30.2261 1
25575 -54.1345 -38.9149 -23.6537 1
25576 -54.3732 -40.6924 -24.2435 1
25585 -53.7882 -38.9168 -24.4705 1
25586 -54.6480 -40.2088 -24.9532 1
25597 -54.8074 -40.2757 -25.9120 1
25608 -54.3057 -39.1101 -26.4977 1
25618 -55.5980 -41.9766 -27.9541 1
25619 -55.7702 -42.2265 -29.1627 1
25626 -50.2414 -43.4373 -30.6934 1
25627 -55.1241 -39.6326 -28.6068 1
25628 -55.6388 -41.1731 -29.3468 1
25631 -49.9122 -42.7510 -30.8934 1
25632 -51.3054 -42.7605 -31.2452 1
25633 -54.2654 -42.7169 -31.1010 1
25634 -55.9151 -42.4081 -30.8285 1
25635 -56.2820 -42.0261 -30.5439 1
25638 -49.9619 -42.6171 -31.1163 1
25639 -50.9378 -42.4401 -31.4183 1
25640 -53.8921 -42.3510 -31.6495 1
25641 -55.5150 -42.0759 -31.3465 1
25642 -56.1743 -41.7203 -30.8673 1
25645 -51.3273 -42.3377 -31.5392 1
25653 -52.3464 -42.1598 -31.7119 1
26763 -53.6496 -37.9894 -24.0673 1
26777 -53.1405 -37.6736 -24.9135 1
26813 -55.5757 -40.3671 -29.9701 1
26815 -52.2833 -42.1854 -31.6410 1
26816 -53.8498 -41.4084 -31.8889 1
26817 -55.3855 -41.5714 -31.6951 1
26818 -55.5855 -40.2256 -31.1701 1
26819 -53.0521 -41.8469 -31.7914 1
26820 -54.1828 -41.5677 -31.9619 1
26821 -55.8824 -41.2717 -31.9560 1
26822 -55.4704 -39.6424 -31.5389 1
26832 -55.7461 -39.2868 -32.1133 1
27976 -55.1476 -38.9167 -29.8227 1
132042 -53.0734 -42.6321 -22.7874 1
137288 -51.8301 -41.9892 -31.6381 1
140297 -55.4539 -40.6047 -28.1658 1
141148 -54.0107 -42.0291 -23.5150 1
148686 -52.8704 -43.0721 -31.2411 1
148809 -55.2011 -41.6065 -25.6933 1
149756 -55.7398 -43.1872 -27.7728 1
150153 -54.8224 -45.6151 -25.7602 1
152477 -51.5505 -46.9361 -22.7977 1
154671 -53.9752 -38.6698 -25.5401 1
