# opus stage2 label
91
46748 -42.0384 -22.7800 -27.3248 1
46749 -42.0410 -23.0316 -27.0349 1
46750 -43.0214 -25.2061 -25.9832 1
46763 -43.6418 -25.6568 -26.1778 1
46779 -43.5308 -25.4340 -26.6462 1
46792 -43.4409 -25.3326 -27.2545 1
47802 -42.0891 -23.7116 -26.6845 1
47803 -42.4336 -24.3578 -26.3650 1
47804 -42.5175 -24.4660 -26.3047 1
47815 -42.0004 -22.6570 -27.1059 1
47816 -42.0246 -23.4899 -26.6839 1
47817 -42.3175 -24.1351 -26.4738 1
47818 -42.7718 -24.9675 -26.2909 1
47826 -40.5344 -21.6485 -28.0122 1
47827 -41.2258 -21.7711 -27.7579 1
47828 -41.6995 -22.0089 -27.5852 1
47829 -42.1830 -23.6908 -26.6825 1
47830 -42.6648 -24.6582 -26.6194 1
47841 -38.1691 -22.3365 -28.4893 1
47844 -42.5965 -24.6283 -27.1493 1
47860 -37.1763 -23.7274 -29.2491 1
47861 -43.1347 -24.9887 -28.0160 1
47862 -43.8897 -25.4302 -28.4419 1
47871 -37.4710 -24.0271 -29.3720 1
47872 -38.2221 -23.8309 -29.3434 1
47873 -42.8924 -24.5176 -28.8109 1
47882 -38.0496 -24.3740 -30.2983 1
47883 -39.4960 -24.2525 -30.1545 1
47891 -38.5234 -24.9624 -31.1996 1
47892 -39.2495 -25.3906 -31.6994 1
47893 -40.5324 -24.8389 -30.7676 1
48936 -41.9448 -22.4255 -27.2428 1
48937 -41.9739 -22.8753 -26.8245 1
48944 -41.6571 -21.8626 -27.6674 1
48945 -41.8187 -22.1598 -27.3520 1
48946 -41.8977 -22.4033 -27.0078 1
48947 -42.2471 -23.4150 -26.9956 1
48955 -39.1731 -21.8190 -28.3127 1
48956 -40.1192 -21.5339 -28.0017 1
48957 -41.9277 -22.2786 -27.3722 1
48958 -42.2728 -23.3964 -27.5296 1
48971 -38.3794 -22.9506 -28.9222 1
48972 -39.4439 -22.0482 -28.6214 1
48973 -40.1792 -21.7550 -28.2360 1
48974 -42.1191 -23.7138 -28.2832 1
48981 -38.5671 -23.1292 -29.0145 1
48982 -39.2936 -22.5333 -28.8895 1
48983 -40.0260 -22.2772 -28.8265 1
48984 -40.1743 -22.7758 -28.9984 1
48985 -42.3515 -23.0999 -29.0493 1
48986 -42.9104 -24.3242 -29.5421 1
48993 -39.1968 -23.4116 -29.3661 1
48994 -40.5035 -23.7995 -29.5880 1
48995 -41.1729 -23.9184 -29.6668 1
48996 -42.5360 -23.3196 -29.5313 1
49006 -41.6033 -24.6839 -30.5748 1
49007 -42.3586 -24.3597 -30.4858 1
49008 -42.8582 -24.3484 -30.5344 1
50191 -41.3302 -21.6003 -27.8811 1
50192 -41.6193 -21.7672 -27.7533 1
50200 -40.1459 -21.6948 -28.0768 1
50201 -40.7767 -21.5200 -27.9705 1
50202 -41.3213 -21.5831 -28.0247 1
50203 -41.5916 -21.6874 -28.0081 1
50204 -41.7014 -21.8595 -27.9853 1
50214 -40.9735 -21.5543 -28.1326 1
50215 -41.4394 -21.5904 -28.2391 1
50216 -41.6941 -21.6969 -28.3338 1
50217 -41.7146 -22.4780 -28.0810 1
50225 -40.7255 -22.4267 -28.4587 1
50226 -41.7402 -21.3842 -28.3428 1
50227 -41.9220 -21.4604 -28.4952 1
50228 -41.8481 -22.3057 -28.5872 1
50236 -41.0892 -22.6421 -28.9338 1
50237 -41.7707 -22.2059 -28.8370 1
50238 -42.1215 -21.8464 -28.7954 1
50239 -42.1992 -22.1158 -28.9195 1
50249 -42.0290 -23.3783 -29.3333 1
50250 -42.4265 -22.9981 -29.3148 1
51469 -41.6327 -21.6121 -28.3823 1
51482 -41.7030 -21.4034 -28.3150 1
128674 -41.2964 -21.6305 -28.2757 1
129968 -41.7353 -22.2709 -27.5283 1
131437 -41.7593 -21.9776 -27.5552 1
131551 -41.8168 -21.3228 -28.3667 1
133785 -42.6039 -24.5284 -27.6469 1
141421 -41.4877 -21.7588 -28.4796 1
143367 -39.8203 -21.6169 -28.0712 1
146825 -41.0859 -21.5695 -27.8896 1
148750 -36.6022 -25.2197 -31.3092 1
155275 -40.6607 -21.9314 -28.2734 1
