# opus stage2 label
93
30130 -37.5500 -34.1859 -32.4699 1
30131 -37.7517 -34.0575 -32.2101 1
30132 -37.9279 -33.7843 -32.0732 1
30142 -37.4746 -34.1589 -32.7299 1
30143 -37.5853 -33.5418 -32.8406 1
30152 -37.0684 -34.2229 -33.3900 1
30153 -36.9565 -34.3587 -34.1785 1
30154 -37.2267 -33.7382 -33.9792 1
31244 -38.6810 -33.1482 -31.0943 1
31245 -38.8672 -32.9726 -30.9323 1
31252 -37.9861 -33.8902 -31.8609 1
31253 -38.2033 -33.6282 -31.6757 1
31254 -38.4128 -33.4024 -31.4873 1
31255 -38.5825 -33.1375 -31.5022 1
31264 -38.0806 -33.5530 -32.0361 1
31265 -38.2205 -33.2595 -32.1693 1
31276 -37.5039 -33.0170 -33.3882 1
32408 -38.6734 -33.0796 -31.2651 1
32409 -39.3030 -32.4337 -30.5453 1
32410 -38.8723 -32.5371 -31.0008 1
32411 -39.5446 -32.0433 -30.6395 1
32417 -38.4076 -32.9612 -31.7520 1
32418 -38.5525 -32.6430 -31.6614 1
32419 -39.0988 -32.0824 -31.2985 1
32429 -38.0532 -32.4875 -32.5758 1
32430 -38.3206 -31.7729 -32.8117 1
32442 -37.9288 -32.4129 -33.9632 1
32443 -38.4594 -31.6006 -34.2453 1
33558 -39.8793 -31.7071 -30.2935 1
33559 -40.1680 -31.4345 -29.9783 1
33560 -40.3387 -31.1459 -29.7407 1
33568 -38.7416 -32.4034 -31.0518 1
33569 -39.2509 -31.8144 -30.5851 1
33570 -39.5797 -32.1528 -30.3556 1
33571 -39.8726 -31.8762 -30.1706 1
33572 -40.1068 -31.5553 -30.0137 1
33573 -40.4013 -30.7297 -30.4701 1
33579 -38.4360 -32.2424 -31.8616 1
33580 -39.7099 -31.5062 -30.9023 1
33581 -40.0048 -29.8711 -31.2647 1
33592 -38.7701 -30.8706 -33.0043 1
33593 -39.3529 -30.3038 -32.0548 1
33603 -39.1465 -30.7352 -34.4686 1
33604 -39.3954 -29.9075 -33.1995 1
34600 -40.8522 -30.0943 -29.4100 1
34601 -40.8954 -29.9289 -29.0305 1
34611 -40.4945 -30.7875 -29.9494 1
34612 -40.5822 -30.6707 -29.4942 1
34613 -40.7895 -30.2585 -29.3872 1
34614 -41.1155 -29.4904 -29.5263 1
34621 -38.8190 -31.7099 -31.0937 1
34622 -39.3967 -31.2188 -30.6826 1
34623 -40.6558 -30.5912 -29.7843 1
34624 -40.9653 -29.8315 -30.0165 1
34632 -38.4321 -31.3542 -32.0662 1
34633 -40.6012 -28.6668 -31.1820 1
34646 -39.9331 -29.2954 -32.1328 1
34647 -40.8439 -28.3577 -32.2833 1
34655 -40.3341 -28.9902 -33.3614 1
34656 -41.2429 -28.2305 -33.2979 1
35621 -41.5149 -28.3309 -28.0276 1
35638 -40.9220 -29.9305 -29.5008 1
35639 -41.1563 -29.2853 -28.7645 1
35640 -41.3730 -28.7961 -28.5736 1
35650 -40.2955 -30.7788 -30.4689 1
35651 -40.6322 -30.4394 -30.1196 1
35652 -41.2352 -29.1832 -29.0192 1
35653 -41.7287 -28.4617 -29.2005 1
35661 -38.9203 -30.9310 -31.3137 1
35662 -39.6406 -30.5482 -30.9322 1
35673 -37.7386 -30.7404 -32.9276 1
35674 -38.3977 -30.2989 -32.4178 1
36676 -41.6096 -28.2067 -28.1443 1
36688 -41.3870 -28.9033 -29.5087 1
36689 -41.2584 -29.0509 -28.9047 1
36690 -41.4672 -28.5153 -28.2968 1
36699 -41.0159 -29.7004 -29.8151 1
36707 -39.1499 -30.0034 -31.7123 1
36708 -40.0275 -29.6877 -31.1755 1
135147 -39.0348 -31.3714 -31.8066 1
137440 -41.4862 -28.5284 -28.6019 1
138818 -40.6431 -30.1090 -30.5078 1
139471 -40.8256 -29.8314 -30.6290 1
140383 -39.9714 -29.7586 -34.6337 1
142532 -37.5776 -33.8754 -32.6776 1
144541 -38.2124 -33.6978 -31.4819 1
145585 -39.0548 -32.6163 -30.7034 1
146040 -39.0658 -32.4463 -30.6576 1
147032 -40.1755 -31.1872 -30.3241 1
147727 -38.6154 -32.1116 -31.9768 1
148947 -38.3396 -33.5456 -31.3847 1
152883 -39.7622 -30.8703 -31.1796 1
154725 -37.1338 -33.8600 -33.2795 1
