# opus stage2 label
38
60126 -48.2627 -14.4225 -6.3808 1
60153 -48.7705 -14.4128 -7.3054 1
61096 -48.2185 -13.9102 -6.2273 1
61112 -48.5192 -13.5455 -6.6081 1
61129 -49.0139 -12.7958 -7.6988 1
61143 -49.1879 -12.4003 -8.5757 1
62048 -48.5435 -12.8440 -6.6543 1
62068 -48.8450 -11.7906 -8.2142 1
63061 -48.1208 -11.4744 -7.0281 1
63071 -48.1444 -11.5161 -7.1099 1
63080 -48.5714 -11.8312 -7.4488 1
63098 -48.5021 -10.7640 -8.4460 1
64016 -48.1180 -11.4213 -6.9570 1
64017 -48.1647 -11.5165 -7.0589 1
64018 -48.2602 -11.6840 -7.1900 1
64019 -48.3616 -11.8215 -7.1476 1
64027 -48.1007 -10.7105 -7.5256 1
64028 -48.4952 -11.2820 -7.7615 1
64029 -48.5470 -11.5115 -7.6812 1
64040 -48.2330 -10.8267 -7.7978 1
64955 -48.0835 -10.7298 -7.4091 1
64956 -48.0663 -10.6963 -7.2724 1
64957 -48.3408 -10.8846 -7.6618 1
64968 -48.0166 -10.0673 -7.8831 1
64969 -48.2802 -10.1503 -8.0609 1
64970 -48.5566 -10.6343 -8.2535 1
65860 -48.3780 -9.7126 -8.7887 1
65861 -48.4667 -10.0180 -8.7625 1
135405 -48.7451 -12.7328 -7.1861 1
135650 -48.0303 -9.8167 -8.1492 1
139190 -48.6605 -13.7988 -7.0244 1
139197 -49.1654 -13.4881 -7.8289 1
146897 -48.3776 -12.2233 -6.8419 1
146936 -48.4440 -10.3084 -8.3170 1
147359 -48.0418 -10.0145 -7.9903 1
153992 -48.0554 -9.3794 -8.6210 1
155157 -48.2031 -12.0307 -6.6627 1
160249 -48.2719 -11.6345 -7.2953 1
