# opus stage2 label
125
20247 -38.2126 -76.3251 -9.2314 1
21166 -39.1761 -75.9161 -8.9261 1
22098 -27.4612 -73.1003 -6.6071 1
22099 -28.5455 -72.9284 -6.7110 1
22100 -30.2841 -73.0725 -6.5726 1
22101 -32.3930 -73.7025 -6.2702 1
22102 -40.0553 -76.4440 -5.0410 1
22103 -40.7463 -75.6714 -6.2947 1
22107 -37.3293 -74.7560 -8.7282 1
22108 -38.5420 -75.5347 -9.2227 1
22109 -40.0342 -75.8579 -7.7691 1
22110 -40.2999 -75.6460 -7.4399 1
22111 -36.0638 -74.6252 -8.3743 1
22112 -37.2389 -75.5436 -8.8089 1
23083 -27.9206 -72.0612 -6.0223 1
23087 -28.0842 -72.3772 -6.3279 1
23088 -29.1574 -72.2613 -6.5617 1
23089 -31.4049 -72.6592 -6.4942 1
23090 -33.3215 -73.5142 -5.9429 1
23091 -34.5544 -73.2279 -6.0072 1
23092 -36.9188 -73.0653 -7.9199 1
23093 -37.9491 -73.4129 -7.8971 1
23094 -38.9673 -73.8979 -6.9595 1
23095 -41.2973 -75.6816 -6.1801 1
23098 -35.0038 -73.9243 -7.6482 1
23099 -36.6075 -73.7843 -8.4769 1
23100 -38.0433 -74.5994 -8.3064 1
23101 -39.3565 -75.2591 -8.4584 1
24054 -29.1771 -71.0131 -6.2090 1
24055 -36.8434 -71.4915 -7.0068 1
24056 -37.1460 -71.3598 -6.8505 1
24058 -28.5870 -71.6865 -6.2804 1
24059 -30.3771 -70.9521 -6.3351 1
24060 -31.7671 -71.0670 -6.3176 1
24061 -33.1940 -71.0484 -5.8981 1
24062 -34.8167 -72.4347 -5.7428 1
24063 -37.0007 -72.1606 -7.3504 1
24064 -37.6357 -72.2416 -7.3263 1
24065 -40.0553 -74.1931 -6.5093 1
24066 -41.8629 -75.5352 -6.1648 1
24946 -35.2997 -71.4305 -5.6827 1
24947 -36.0500 -71.0946 -5.1354 1
24948 -36.7563 -70.8478 -5.2431 1
24949 -37.9506 -71.1073 -6.1297 1
24950 -39.0908 -71.3862 -6.1647 1
24951 -40.5513 -72.4711 -6.2015 1
24954 -31.1708 -70.2818 -6.2966 1
24955 -32.5196 -70.2454 -6.2656 1
24956 -33.6983 -70.2549 -6.7213 1
24957 -37.8121 -71.6450 -6.7945 1
24958 -38.9751 -72.3216 -6.4317 1
24959 -40.2492 -73.2248 -6.3667 1
24960 -43.0260 -74.8127 -6.3044 1
25861 -33.2663 -68.7710 -6.8999 1
25862 -33.9414 -69.5295 -6.5257 1
25863 -36.0381 -70.6879 -4.8405 1
25864 -36.8643 -70.4122 -4.6457 1
25865 -37.9094 -70.3145 -4.7761 1
25866 -38.9038 -70.6277 -5.0680 1
25867 -39.9908 -71.1772 -6.1367 1
25872 -31.7948 -69.6508 -6.3719 1
25873 -32.9284 -69.5564 -6.6664 1
25874 -41.6471 -72.9815 -6.3393 1
25875 -42.0870 -72.4539 -6.4485 1
26806 -34.1136 -68.8216 -6.4147 1
26807 -35.0597 -68.8392 -5.9848 1
26808 -36.3453 -69.1718 -4.7441 1
26809 -37.8785 -69.9641 -4.4729 1
26810 -38.7421 -70.1084 -4.7537 1
26811 -41.7651 -71.1884 -6.7753 1
26816 -43.8766 -72.5542 -7.0522 1
26817 -45.3875 -72.5899 -7.2794 1
27751 -32.5026 -67.3368 -5.8215 1
27752 -34.3172 -68.1853 -6.2126 1
27753 -35.3693 -67.8868 -4.9940 1
27754 -36.5143 -68.2494 -4.7403 1
27755 -37.3696 -68.5156 -4.5993 1
27756 -38.2156 -68.6726 -4.6032 1
27757 -39.2653 -68.9108 -4.7615 1
27761 -40.7013 -69.3070 -5.4739 1
27763 -44.2094 -70.9876 -7.7643 1
27764 -45.6931 -70.9903 -7.3412 1
28676 -32.6491 -66.7174 -5.1219 1
28677 -33.5659 -66.6270 -4.8976 1
28678 -34.6866 -66.7977 -4.8312 1
28679 -36.9252 -67.6076 -4.6977 1
28681 -38.3976 -67.9843 -4.8677 1
28685 -37.9806 -67.2868 -5.0475 1
28686 -38.9131 -67.5203 -5.1894 1
28691 -43.8958 -69.9989 -8.0478 1
29642 -34.6432 -65.9964 -4.5757 1
29643 -35.6293 -66.2583 -4.6330 1
29644 -36.5483 -66.7360 -4.7289 1
111268 -46.4405 -71.9266 -5.9553 1
111920 -44.0105 -74.6051 -6.2895 1
112132 -33.4474 -68.1598 -6.6049 1
112388 -41.6378 -74.2896 -6.2389 1
114047 -35.0758 -71.0745 -5.1538 1
115156 -38.7849 -72.8312 -6.6821 1
115765 -34.4396 -71.6801 -5.0630 1
116996 -26.8545 -73.7737 -6.3970 1
117144 -35.0588 -69.6563 -6.0621 1
118531 -34.3199 -67.2862 -5.0259 1
118882 -37.6393 -68.0279 -4.7406 1
120092 -37.1329 -69.2664 -4.4687 1
120703 -32.4353 -72.3854 -5.8698 1
120788 -30.9475 -71.7764 -6.2606 1
121946 -29.6499 -71.5443 -6.4719 1
122668 -36.1616 -69.9973 -4.6825 1
123005 -35.8939 -67.0893 -4.7127 1
123459 -39.6183 -68.2323 -5.0422 1
123734 -37.0172 -69.9676 -4.3358 1
123837 -38.0091 -69.3228 -4.4787 1
125101 -38.9478 -69.5112 -4.6608 1
126304 -39.8206 -70.3723 -5.6853 1
126462 -43.3307 -71.4138 -7.3160 1
127443 -39.3946 -75.8362 -8.6899 1
128165 -33.5351 -67.1893 -5.4503 1
129234 -33.6431 -73.8096 -7.0655 1
129239 -36.4679 -75.1999 -8.7676 1
129378 -30.2918 -72.2598 -6.3589 1
130959 -34.0807 -66.2711 -4.7161 1
131972 -35.1937 -66.5170 -4.6772 1
132099 -33.9175 -72.6791 -5.4713 1
132656 -39.9158 -69.6555 -5.1104 1
