# Freesurfer label: sub-01 rnd1 tmax2 day2VB unionROI
169
13028 -35.297000 -84.818000 -1.946000 1
13894 -33.147000 -83.560000 -1.049000 1
13895 -34.057000 -83.548000 -1.421000 1
13904 -34.947000 -83.705000 -1.842000 1
13905 -35.844000 -83.781000 -2.552000 1
13906 -36.515000 -84.123000 -3.112000 1
13912 -36.449000 -83.292000 -3.489000 1
14753 -31.473000 -82.543000 -0.535000 1
14767 -32.457000 -82.740000 -0.833000 1
14768 -33.449000 -82.539000 -1.425000 1
14769 -34.477000 -82.770000 -1.931000 1
14781 -33.936000 -81.906000 -2.317000 1
14782 -34.868000 -82.204000 -2.960000 1
14783 -35.735000 -82.782000 -3.171000 1
14788 -36.200000 -82.447000 -4.185000 1
14789 -36.835000 -82.806000 -4.342000 1
14793 -36.407000 -81.996000 -5.367000 1
14794 -37.077000 -82.331000 -4.988000 1
14797 -36.181000 -81.523000 -6.319000 1
14798 -36.755000 -81.637000 -6.008000 1
15607 -30.632000 -81.726000 -0.832000 1
15608 -31.811000 -81.870000 -0.994000 1
15623 -28.693000 -81.405000 -1.979000 1
15624 -29.904000 -81.194000 -1.811000 1
15625 -31.186000 -81.231000 -1.523000 1
15626 -32.161000 -81.405000 -1.665000 1
15627 -33.046000 -81.634000 -1.910000 1
15641 -31.547000 -80.876000 -2.246000 1
15642 -33.272000 -81.325000 -2.891000 1
15643 -34.101000 -81.523000 -3.397000 1
15649 -32.543000 -80.808000 -3.643000 1
15650 -34.035000 -81.307000 -4.535000 1
15651 -34.843000 -81.704000 -4.143000 1
15653 -33.962000 -81.011000 -5.712000 1
15654 -34.802000 -81.506000 -5.346000 1
15655 -35.600000 -81.910000 -4.894000 1
15658 -34.373000 -80.777000 -6.516000 1
15659 -34.877000 -81.226000 -6.388000 1
15660 -37.187000 -81.437000 -6.007000 1
15662 -36.315000 -81.267000 -6.647000 1
15663 -36.715000 -81.176000 -6.490000 1
16524 -30.712000 -80.842000 -2.176000 1
16538 -29.942000 -80.805000 -2.614000 1
16539 -30.763000 -80.594000 -3.016000 1
16547 -29.376000 -80.256000 -4.357000 1
16548 -30.327000 -80.415000 -4.106000 1
16549 -31.428000 -80.528000 -3.878000 1
16550 -37.377000 -80.607000 -4.841000 1
16554 -29.544000 -79.800000 -4.929000 1
16555 -30.308000 -80.143000 -4.867000 1
16556 -31.336000 -80.167000 -5.263000 1
16557 -32.095000 -80.483000 -4.803000 1
16558 -33.198000 -80.814000 -4.690000 1
16559 -37.018000 -80.707000 -5.851000 1
16560 -37.684000 -80.956000 -5.229000 1
16562 -31.931000 -79.968000 -5.762000 1
16563 -32.842000 -80.164000 -6.095000 1
16564 -33.686000 -80.476000 -6.296000 1
16565 -36.579000 -80.807000 -6.545000 1
16566 -37.200000 -81.069000 -6.041000 1
16567 -34.365000 -80.323000 -6.803000 1
16568 -34.994000 -80.761000 -6.942000 1
16569 -35.550000 -80.695000 -7.082000 1
16570 -36.133000 -80.885000 -6.967000 1
17430 -35.769000 -79.416000 -2.434000 1
17431 -36.934000 -79.518000 -2.131000 1
17448 -35.039000 -79.158000 -3.846000 1
17449 -35.627000 -79.627000 -3.385000 1
17450 -36.658000 -79.910000 -3.030000 1
17467 -28.789000 -79.864000 -4.400000 1
17468 -35.165000 -79.149000 -5.226000 1
17469 -35.688000 -79.674000 -4.516000 1
17470 -36.498000 -80.171000 -4.079000 1
17471 -37.592000 -80.366000 -3.733000 1
17474 -28.979000 -79.203000 -4.808000 1
17475 -35.249000 -79.418000 -6.321000 1
17476 -35.781000 -79.696000 -5.802000 1
17477 -36.468000 -80.215000 -5.284000 1
17478 -30.734000 -79.756000 -5.408000 1
17479 -32.723000 -79.778000 -6.276000 1
17480 -33.566000 -80.045000 -6.603000 1
17481 -34.905000 -79.640000 -6.831000 1
17482 -35.626000 -79.974000 -6.843000 1
17483 -36.088000 -80.498000 -6.904000 1
17484 -33.579000 -79.492000 -6.546000 1
17485 -34.318000 -79.863000 -6.873000 1
17486 -35.079000 -80.238000 -7.085000 1
17487 -35.710000 -80.469000 -7.083000 1
18341 -34.653000 -78.582000 -3.311000 1
18342 -34.922000 -79.075000 -2.839000 1
18357 -34.882000 -78.723000 -4.400000 1
18358 -28.831000 -78.411000 -4.423000 1
18359 -29.320000 -78.375000 -4.876000 1
18360 -34.789000 -79.110000 -6.218000 1
18361 -29.809000 -79.152000 -5.268000 1
18362 -30.877000 -78.997000 -5.605000 1
18363 -32.769000 -79.057000 -6.239000 1
18364 -33.746000 -78.687000 -6.310000 1
18365 -34.329000 -79.274000 -6.486000 1
19255 -34.773000 -78.167000 -4.278000 1
19256 -29.170000 -77.602000 -4.443000 1
19257 -29.700000 -77.498000 -4.788000 1
19258 -30.679000 -77.396000 -4.966000 1
19259 -31.959000 -77.390000 -5.307000 1
19260 -35.077000 -77.586000 -5.743000 1
19261 -35.381000 -76.711000 -5.858000 1
19262 -30.204000 -78.279000 -5.193000 1
19263 -31.269000 -78.136000 -5.385000 1
19264 -32.869000 -78.112000 -5.884000 1
19265 -34.056000 -77.752000 -6.124000 1
19266 -34.868000 -77.219000 -5.976000 1
20228 -34.588000 -77.429000 -3.324000 1
20229 -35.304000 -76.894000 -4.059000 1
20233 -29.253000 -76.875000 -4.155000 1
20234 -35.177000 -77.543000 -4.741000 1
20235 -36.220000 -76.343000 -4.935000 1
20236 -29.636000 -76.106000 -4.243000 1
20237 -30.017000 -76.605000 -4.685000 1
20238 -31.139000 -76.506000 -4.773000 1
20239 -32.407000 -76.441000 -5.080000 1
20240 -33.609000 -76.350000 -5.529000 1
20241 -35.677000 -76.781000 -5.512000 1
20242 -36.335000 -76.032000 -5.465000 1
20243 -33.302000 -77.154000 -5.709000 1
20244 -34.465000 -76.751000 -6.014000 1
20245 -35.254000 -76.392000 -6.032000 1
20246 -35.777000 -76.233000 -5.906000 1
21153 -35.045000 -76.097000 -2.923000 1
21154 -36.195000 -76.159000 -3.964000 1
21157 -29.631000 -75.576000 -3.829000 1
21158 -29.944000 -75.263000 -4.048000 1
21159 -36.954000 -75.687000 -4.763000 1
21160 -37.714000 -75.218000 -4.309000 1
21161 -30.374000 -75.664000 -4.444000 1
21162 -31.549000 -75.597000 -4.525000 1
21163 -32.866000 -75.683000 -4.882000 1
21164 -34.090000 -75.739000 -5.442000 1
21165 -35.027000 -75.578000 -5.817000 1
21167 -37.418000 -75.224000 -4.824000 1
21168 -34.904000 -76.128000 -6.046000 1
21169 -35.611000 -75.912000 -6.056000 1
22093 -35.942000 -75.509000 -2.892000 1
22104 -30.487000 -74.910000 -4.130000 1
22105 -31.199000 -74.791000 -4.208000 1
22106 -32.235000 -74.957000 -4.269000 1
111418 -33.011000 -80.484000 -5.568000 1
113582 -35.615000 -81.587000 -6.008000 1
113591 -35.213000 -83.025000 -2.399000 1
114352 -34.519000 -78.350000 -6.137000 1
115059 -31.063000 -80.326000 -4.645000 1
115391 -34.558000 -78.466000 -2.435000 1
116396 -32.624000 -82.012000 -1.295000 1
116430 -29.464000 -81.562000 -1.197000 1
117073 -31.799000 -79.445000 -5.895000 1
118442 -34.813000 -78.550000 -5.538000 1
119604 -33.328000 -75.062000 -4.658000 1
121330 -34.325000 -75.067000 -5.068000 1
121744 -36.306000 -80.318000 -6.355000 1
123565 -31.771000 -80.710000 -3.015000 1
123568 -35.687000 -81.191000 -6.825000 1
125288 -32.429000 -81.081000 -2.511000 1
125619 -31.932000 -78.662000 -5.780000 1
127585 -32.214000 -80.251000 -5.565000 1
128511 -34.342000 -76.261000 -5.838000 1
128650 -29.491000 -76.909000 -4.437000 1
130079 -35.495000 -82.154000 -3.836000 1
131210 -33.431000 -81.141000 -3.822000 1
131541 -30.816000 -75.190000 -4.349000 1
133380 -32.007000 -78.054000 -5.586000 1
