# Freesurfer label: sub-01 rnd2 tmax1 day1VA unionROI
182
7068 -30.942000 -91.594000 -1.341000 1
7069 -31.671000 -91.424000 -0.885000 1
7070 -32.074000 -90.975000 -0.352000 1
7071 -32.689000 -90.925000 -0.407000 1
7072 -33.474000 -90.838000 -0.157000 1
7085 -31.193000 -91.550000 -1.401000 1
7086 -31.959000 -91.401000 -0.904000 1
7103 -31.512000 -91.442000 -1.588000 1
7804 -35.269000 -90.220000 0.914000 1
7809 -33.334000 -90.941000 0.050000 1
7810 -33.984000 -90.785000 0.342000 1
7811 -34.729000 -90.453000 0.559000 1
7812 -35.851000 -90.030000 1.024000 1
7826 -31.211000 -91.221000 -0.874000 1
7827 -32.174000 -91.492000 -0.439000 1
7828 -32.732000 -90.861000 -0.216000 1
7829 -33.366000 -90.865000 0.038000 1
7830 -34.221000 -90.771000 0.156000 1
7831 -35.067000 -90.424000 0.386000 1
7832 -35.765000 -90.070000 0.632000 1
7850 -32.350000 -91.189000 -1.109000 1
7851 -33.221000 -90.816000 -0.749000 1
7852 -34.126000 -90.646000 -0.478000 1
7853 -34.828000 -90.523000 -0.140000 1
7868 -31.984000 -90.969000 -2.031000 1
7869 -32.864000 -90.491000 -1.645000 1
7870 -33.903000 -89.957000 -1.480000 1
8611 -34.037000 -89.407000 0.910000 1
8612 -34.964000 -89.685000 1.101000 1
8613 -35.762000 -89.768000 1.234000 1
8614 -36.377000 -89.467000 1.199000 1
8629 -29.471000 -89.035000 -0.079000 1
8630 -30.929000 -89.329000 -0.197000 1
8631 -31.884000 -89.518000 0.033000 1
8632 -33.530000 -90.288000 0.428000 1
8633 -34.533000 -90.364000 0.704000 1
8634 -36.399000 -89.609000 0.907000 1
8651 -29.318000 -89.856000 -0.614000 1
8652 -30.130000 -89.616000 -0.443000 1
8653 -31.631000 -90.458000 -0.397000 1
8654 -32.641000 -90.719000 -0.051000 1
8655 -35.579000 -90.013000 -0.126000 1
8656 -36.338000 -89.597000 0.308000 1
8657 -37.042000 -89.035000 0.681000 1
8669 -34.903000 -89.882000 -0.953000 1
8670 -36.174000 -89.274000 -0.549000 1
8671 -36.790000 -88.953000 -0.142000 1
8682 -34.641000 -89.101000 -1.874000 1
8683 -35.314000 -88.875000 -1.739000 1
8684 -35.951000 -88.708000 -1.489000 1
9431 -28.369000 -88.000000 0.995000 1
9432 -29.283000 -87.859000 0.932000 1
9433 -30.200000 -87.753000 0.899000 1
9434 -31.128000 -87.976000 0.728000 1
9435 -32.655000 -88.122000 1.028000 1
9436 -33.469000 -88.303000 1.167000 1
9437 -35.351000 -89.115000 1.339000 1
9438 -36.118000 -88.889000 1.431000 1
9439 -36.845000 -88.880000 1.362000 1
9440 -37.374000 -88.396000 1.265000 1
9456 -28.914000 -88.510000 0.416000 1
9457 -29.751000 -88.366000 0.398000 1
9458 -30.562000 -88.445000 0.331000 1
9459 -32.081000 -88.567000 0.572000 1
9460 -33.082000 -89.006000 0.698000 1
9461 -36.958000 -89.041000 1.135000 1
9463 -37.906000 -88.008000 0.918000 1
9472 -37.357000 -88.519000 0.186000 1
9473 -37.801000 -88.037000 0.462000 1
9480 -36.491000 -88.497000 -1.112000 1
9481 -37.059000 -88.211000 -0.669000 1
9482 -37.454000 -87.474000 -1.070000 1
9490 -35.743000 -88.185000 -2.369000 1
9491 -36.284000 -88.060000 -2.033000 1
9492 -36.779000 -87.734000 -1.706000 1
9501 -36.155000 -87.530000 -2.602000 1
10206 -28.444000 -86.865000 2.161000 1
10207 -29.332000 -86.857000 2.004000 1
10208 -30.247000 -86.866000 1.820000 1
10209 -31.243000 -86.733000 1.957000 1
10210 -32.233000 -86.819000 1.953000 1
10211 -33.093000 -86.786000 1.952000 1
10224 -28.813000 -87.380000 1.533000 1
10225 -29.681000 -87.331000 1.427000 1
10226 -30.808000 -87.330000 1.331000 1
10227 -31.844000 -87.528000 1.287000 1
10228 -32.820000 -87.484000 1.517000 1
10229 -33.719000 -87.532000 1.555000 1
10230 -34.683000 -87.543000 1.584000 1
10231 -35.729000 -87.876000 1.572000 1
10232 -36.890000 -88.005000 1.505000 1
10233 -37.780000 -87.686000 1.299000 1
10234 -38.182000 -87.235000 1.184000 1
10250 -38.192000 -87.517000 0.651000 1
10251 -38.468000 -86.924000 0.093000 1
10258 -38.047000 -86.866000 -0.853000 1
10268 -37.153000 -87.160000 -1.962000 1
10275 -36.741000 -87.173000 -2.414000 1
11034 -29.476000 -85.857000 3.187000 1
11035 -30.528000 -85.914000 3.089000 1
11036 -31.519000 -85.734000 3.127000 1
11037 -32.166000 -85.829000 2.791000 1
11049 -28.952000 -86.366000 2.641000 1
11050 -29.857000 -86.375000 2.513000 1
11051 -31.152000 -86.222000 2.631000 1
11052 -31.825000 -86.269000 2.511000 1
11053 -32.574000 -86.233000 2.414000 1
11054 -33.355000 -86.015000 2.240000 1
11055 -34.153000 -86.068000 1.826000 1
11064 -33.883000 -86.756000 1.797000 1
11065 -34.926000 -86.201000 1.607000 1
11066 -35.787000 -86.468000 1.500000 1
11067 -36.727000 -86.878000 1.476000 1
11068 -38.137000 -86.932000 1.298000 1
11069 -38.489000 -86.519000 1.144000 1
11070 -38.798000 -86.184000 0.995000 1
11084 -38.428000 -86.856000 1.074000 1
11108 -38.834000 -86.226000 0.444000 1
11137 -38.609000 -86.135000 -0.663000 1
11959 -31.655000 -85.102000 3.678000 1
11979 -30.021000 -85.362000 3.939000 1
11980 -32.185000 -85.279000 3.123000 1
11998 -32.717000 -85.576000 2.671000 1
11999 -33.241000 -85.260000 2.454000 1
12000 -33.833000 -85.332000 2.046000 1
12018 -34.586000 -85.429000 1.679000 1
12019 -35.446000 -85.614000 1.474000 1
12020 -36.412000 -85.913000 1.373000 1
12021 -37.550000 -86.292000 1.352000 1
12022 -38.468000 -86.100000 1.222000 1
12023 -38.827000 -85.724000 1.097000 1
12043 -39.027000 -85.300000 0.912000 1
12065 -39.208000 -85.490000 -0.022000 1
12953 -32.777000 -84.774000 2.799000 1
12955 -34.262000 -84.658000 1.794000 1
12971 -35.079000 -84.787000 1.468000 1
12972 -36.010000 -85.007000 1.275000 1
12973 -36.608000 -84.404000 0.988000 1
12974 -37.612000 -84.668000 0.976000 1
12975 -38.961000 -84.542000 0.946000 1
12976 -38.896000 -84.890000 0.975000 1
12988 -39.121000 -84.623000 0.770000 1
13848 -34.738000 -83.986000 1.477000 1
13849 -35.261000 -83.176000 1.187000 1
13850 -37.288000 -83.823000 0.734000 1
13851 -38.301000 -84.146000 0.831000 1
13852 -38.809000 -83.698000 0.831000 1
13853 -39.136000 -83.574000 0.693000 1
13868 -37.009000 -82.945000 0.590000 1
13869 -38.055000 -83.234000 0.647000 1
14720 -35.314000 -82.187000 1.081000 1
14721 -36.071000 -82.625000 0.764000 1
14739 -36.782000 -82.119000 0.600000 1
14740 -37.735000 -82.340000 0.557000 1
14741 -38.827000 -82.519000 0.600000 1
112878 -35.621000 -84.136000 1.164000 1
113168 -34.497000 -88.568000 1.323000 1
113622 -30.182000 -90.668000 -0.975000 1
114968 -35.269000 -87.009000 1.615000 1
115599 -37.031000 -85.284000 1.191000 1
116849 -35.276000 -88.409000 1.487000 1
117246 -38.010000 -87.544000 -0.104000 1
117891 -30.984000 -85.403000 3.805000 1
119335 -37.551000 -88.443000 0.741000 1
120168 -37.595000 -86.749000 -1.762000 1
120219 -36.076000 -87.257000 1.547000 1
120347 -38.060000 -85.444000 1.179000 1
121666 -36.274000 -83.517000 0.837000 1
123430 -32.650000 -89.612000 0.318000 1
124946 -35.612000 -89.383000 -0.953000 1
124957 -38.793000 -85.297000 1.093000 1
125189 -30.156000 -88.891000 -0.027000 1
125522 -31.307000 -88.710000 0.276000 1
128674 -37.558000 -87.254000 1.411000 1
128969 -35.299000 -90.211000 0.761000 1
129136 -30.816000 -90.242000 -0.618000 1
129455 -37.573000 -87.999000 -0.225000 1
129773 -30.229000 -87.312000 1.372000 1
130036 -34.547000 -86.707000 1.681000 1
130414 -30.606000 -86.410000 2.389000 1
132927 -36.466000 -87.610000 -2.269000 1
133143 -30.649000 -91.374000 -1.243000 1
