# Stage2 ROI 3
169
13028 -34.993980 -84.659615 -5.648863 1
13894 -32.377102 -83.800125 -3.541629 1
13895 -33.275345 -84.239494 -4.199413 1
13904 -34.298565 -84.460297 -4.915134 1
13905 -35.402245 -84.728584 -6.218235 1
13906 -36.494118 -85.538918 -7.402731 1
13912 -36.190960 -85.222557 -7.610667 1
14753 -30.509300 -83.760605 -2.862813 1
14767 -31.527229 -83.650093 -3.041756 1
14768 -32.448650 -83.731255 -3.891937 1
14769 -33.626289 -84.055580 -4.872913 1
14781 -32.846649 -83.636299 -4.988383 1
14782 -34.188831 -83.769005 -5.829035 1
14783 -35.287434 -84.345772 -6.521570 1
14788 -36.368862 -84.825348 -8.700123 1
14789 -37.283413 -84.782791 -8.363634 1
14793 -37.295502 -84.326797 -10.264238 1
14794 -38.449718 -83.775269 -8.684896 1
14797 -37.741703 -83.318649 -11.465129 1
14798 -38.628445 -83.014343 -11.228389 1
15607 -29.267826 -83.748535 -3.454889 1
15608 -30.871807 -83.427406 -3.067625 1
15623 -27.346991 -83.200912 -4.157139 1
15624 -28.500900 -83.370354 -4.198113 1
15625 -30.136045 -83.305397 -3.621256 1
15626 -31.166773 -83.187347 -3.528006 1
15627 -31.895226 -83.349442 -4.117376 1
15641 -30.489449 -83.024994 -4.202425 1
15642 -32.231712 -83.039177 -5.138245 1
15643 -33.308098 -83.274277 -6.057599 1
15649 -31.387770 -82.554581 -6.172225 1
15650 -33.587341 -82.840157 -7.437310 1
15651 -34.516178 -83.466019 -7.141646 1
15653 -33.757465 -82.281189 -9.487789 1
15654 -34.979645 -83.207130 -9.189455 1
15655 -35.914600 -84.221024 -9.058253 1
15658 -34.579372 -82.053650 -10.229337 1
15659 -35.700268 -82.426033 -9.994570 1
15660 -39.826687 -81.905540 -10.969728 1
15662 -38.264572 -82.728806 -11.793200 1
15663 -39.139874 -81.960831 -11.505310 1
16524 -29.384684 -83.188515 -4.415620 1
16538 -28.449705 -83.035995 -4.905241 1
16539 -29.289829 -82.787048 -5.337901 1
16547 -27.452517 -81.548218 -6.598567 1
16548 -28.571440 -82.112747 -6.491873 1
16549 -29.901115 -82.254700 -6.423976 1
16550 -41.143219 -79.063911 -9.085362 1
16554 -27.698397 -80.384598 -6.971994 1
16555 -28.740175 -81.360451 -7.069340 1
16556 -30.234432 -81.219627 -7.813528 1
16557 -30.996592 -81.859070 -7.610079 1
16558 -32.376480 -82.355019 -7.719184 1
16559 -40.573345 -79.783752 -10.621193 1
16560 -41.363365 -80.048790 -9.691015 1
16562 -31.061337 -80.624626 -9.559062 1
16563 -31.932972 -81.012817 -10.206611 1
16564 -33.249489 -81.745735 -9.942451 1
16565 -39.617550 -80.886406 -11.439738 1
16566 -40.308498 -81.010704 -10.894403 1
16567 -34.573677 -81.480141 -10.076708 1
16568 -35.763210 -82.032326 -10.245455 1
16569 -36.896217 -81.692947 -10.346617 1
16570 -38.438042 -82.003288 -11.727018 1
17430 -38.049263 -77.728081 -4.319557 1
17431 -39.041531 -77.477982 -4.151624 1
17448 -37.536037 -77.633347 -5.923954 1
17449 -37.925709 -77.826454 -5.464843 1
17450 -39.247143 -78.061852 -5.482884 1
17467 -26.619932 -80.491112 -6.575208 1
17468 -38.083782 -77.655609 -8.888330 1
17469 -38.534489 -77.993965 -7.553586 1
17470 -39.575268 -78.235199 -7.222689 1
17471 -41.586559 -78.490135 -7.518203 1
17474 -26.687906 -79.204094 -7.015169 1
17475 -37.815945 -78.133316 -10.355175 1
17476 -38.928204 -78.097275 -10.251025 1
17477 -39.950607 -78.675804 -9.558534 1
17478 -29.561544 -80.406021 -7.825167 1
17479 -31.918720 -80.295540 -10.642320 1
17480 -33.013481 -80.902969 -10.440249 1
17481 -36.555054 -79.051537 -10.697899 1
17482 -37.829369 -79.256348 -10.825585 1
17483 -38.390587 -80.522377 -10.483026 1
17484 -33.027409 -79.530159 -11.058987 1
17485 -34.779480 -80.222549 -10.285810 1
17486 -36.207024 -80.620667 -10.412043 1
17487 -37.520576 -80.905952 -10.389551 1
18341 -37.298283 -77.530136 -4.876889 1
18342 -37.246437 -77.781433 -4.299722 1
18357 -37.471172 -77.521584 -6.225377 1
18358 -26.143396 -78.015060 -6.956512 1
18359 -26.756464 -77.903259 -7.358025 1
18360 -37.237629 -77.787071 -10.479264 1
18361 -27.882702 -79.127502 -7.258644 1
18362 -29.903400 -79.244797 -7.746340 1
18363 -32.259888 -79.373909 -10.844810 1
18364 -33.813396 -78.286583 -11.303591 1
18365 -35.380070 -79.007515 -10.664842 1
19255 -37.793106 -77.629532 -6.586246 1
19256 -26.257574 -76.914948 -7.268034 1
19257 -27.000139 -76.875275 -7.522154 1
19258 -28.521635 -76.794762 -7.621330 1
19259 -31.140757 -77.084450 -7.936998 1
19260 -37.652420 -77.293694 -9.462448 1
19261 -37.467323 -76.876282 -9.912075 1
19262 -28.035719 -77.842834 -7.435643 1
19263 -30.265345 -78.112099 -7.803791 1
19264 -32.680710 -77.994965 -9.884700 1
19265 -34.492874 -77.074562 -11.060979 1
19266 -36.341328 -76.742020 -10.724423 1
20228 -37.561443 -77.774445 -4.668394 1
20229 -37.963161 -77.807869 -5.333571 1
20233 -26.104504 -75.937485 -7.068178 1
20234 -38.024246 -77.675499 -7.077512 1
20235 -38.378059 -77.155930 -6.721445 1
20236 -26.571487 -74.990547 -7.091489 1
20237 -27.526745 -75.859207 -7.144238 1
20238 -29.231285 -75.839165 -7.299670 1
20239 -31.572374 -75.956726 -7.613088 1
20240 -33.398495 -75.328285 -9.435389 1
20241 -38.066536 -77.078133 -8.567755 1
20242 -38.560577 -76.406204 -8.922313 1
20243 -33.042576 -76.449890 -9.867333 1
20244 -34.711754 -75.934036 -9.713984 1
20245 -36.371208 -76.474594 -9.010516 1
20246 -37.814854 -76.760414 -9.426104 1
21153 -37.345966 -77.355179 -3.042071 1
21154 -38.501190 -77.771118 -4.642073 1
21157 -26.416929 -74.340317 -6.899742 1
21158 -27.147961 -74.077499 -6.845263 1
21159 -38.882786 -76.783012 -6.632677 1
21160 -39.502979 -76.602356 -5.784213 1
21161 -27.865192 -74.751122 -6.919853 1
21162 -30.018059 -74.942062 -6.874567 1
21163 -32.516472 -75.103134 -7.882578 1
21164 -34.198959 -74.715721 -9.252384 1
21165 -35.572842 -74.778358 -9.382745 1
21167 -39.721931 -75.849457 -8.273182 1
21168 -35.317417 -75.509895 -9.277744 1
21169 -36.885502 -75.863632 -9.354319 1
22093 -37.873398 -77.154633 -2.812711 1
22104 -28.018984 -73.661736 -6.958927 1
22105 -29.429016 -73.795120 -6.810583 1
22106 -31.335321 -74.271233 -6.547564 1
111418 -32.185516 -81.643661 -9.376351 1
113582 -36.617058 -83.328789 -10.153241 1
113591 -34.352299 -84.419594 -5.769499 1
114352 -36.215221 -77.419243 -11.059606 1
115059 -29.600657 -81.787140 -7.058099 1
115391 -36.949211 -77.623070 -3.595723 1
116396 -31.588427 -83.451820 -3.314451 1
116430 -28.036015 -83.642700 -3.825444 1
117073 -31.336998 -80.077690 -9.471273 1
118442 -37.796150 -77.390907 -9.216418 1
119604 -33.288223 -74.462967 -8.019643 1
121330 -34.637356 -74.346054 -8.936030 1
121744 -39.249115 -79.430565 -10.507339 1
123565 -30.509575 -82.734528 -5.264558 1
123568 -37.283539 -82.834610 -11.509102 1
125288 -31.352739 -82.913261 -4.472264 1
125619 -31.498821 -78.944824 -9.113962 1
127585 -31.213127 -81.299377 -9.042286 1
128511 -34.289764 -75.217010 -9.767612 1
128650 -26.620010 -76.144531 -6.973294 1
130079 -35.141827 -84.005737 -6.909373 1
131210 -32.594547 -82.775902 -6.247732 1
131541 -28.849981 -74.283928 -6.917527 1
133380 -31.243595 -77.903175 -9.308323 1
