# Stage2 ROI 1
180
30629 -45.518379 -65.942139 -2.329411 1
30636 -46.477665 -68.408722 -8.508924 1
30639 -47.157692 -67.346664 -9.209893 1
30640 -48.774200 -67.191788 -9.175516 1
31672 -42.013226 -64.510445 0.295951 1
31673 -42.735363 -65.057022 -0.285238 1
31681 -43.586674 -65.607803 -0.881624 1
31682 -45.058258 -65.050697 -2.011558 1
31686 -46.101852 -65.378944 -2.866806 1
31687 -46.869965 -66.133324 -3.554176 1
31688 -48.167946 -66.418999 -5.328299 1
31694 -49.442642 -66.778496 -8.124768 1
31695 -49.490086 -65.383812 -8.473015 1
31700 -48.910538 -66.017754 -9.319760 1
32730 -40.682068 -63.409443 1.403774 1
32740 -41.413593 -63.467033 0.922513 1
32741 -42.076164 -63.690865 0.318687 1
32742 -42.767113 -64.191261 -0.348208 1
32750 -44.719418 -64.208084 -1.460671 1
32753 -45.583561 -64.305977 -2.411471 1
32754 -47.229679 -65.267715 -3.557423 1
32755 -48.834454 -65.265419 -5.813289 1
32759 -47.358192 -64.233864 -3.634701 1
32765 -47.372185 -64.659492 -9.907814 1
32767 -49.620743 -64.016190 -9.039811 1
33680 -40.480793 -62.567448 1.606328 1
33681 -41.220016 -62.737362 1.147654 1
33687 -41.980766 -62.762249 0.484562 1
33688 -42.805328 -63.189522 -0.446510 1
33696 -43.975983 -63.247620 -1.260409 1
33697 -45.194786 -63.691139 -1.753823 1
33700 -45.783737 -63.378979 -2.420654 1
33701 -49.036888 -62.968124 -4.879922 1
33706 -49.159817 -63.907387 -5.422063 1
33707 -49.871277 -63.433067 -7.800777 1
33715 -49.545925 -62.444279 -9.186712 1
34621 -40.620888 -61.838116 1.593741 1
34622 -41.068214 -62.037758 1.272006 1
34623 -41.542595 -61.568966 0.946406 1
34631 -41.578720 -62.194256 0.898428 1
34632 -42.074081 -61.889153 0.492473 1
34633 -42.759018 -62.208046 -0.199908 1
34641 -43.757637 -62.187977 -1.075103 1
34651 -49.376862 -62.879669 -6.100272 1
34652 -49.458141 -61.867790 -7.252473 1
34653 -49.536121 -61.296207 -8.897202 1
34661 -48.617016 -62.121269 -9.983325 1
35474 -40.852310 -60.566910 1.515170 1
35487 -40.484810 -61.296432 1.819683 1
35488 -41.495289 -60.816147 1.015949 1
35497 -42.112312 -61.144081 0.578500 1
35498 -42.818802 -60.819141 0.120464 1
35499 -43.709999 -60.575989 -0.463951 1
35505 -43.241791 -61.399475 -0.421358 1
35521 -49.231812 -60.471474 -8.765658 1
36328 -41.020103 -59.885567 1.555629 1
36329 -41.544762 -60.079124 1.220319 1
36330 -42.153080 -59.502949 0.973268 1
36338 -42.277054 -60.291286 0.674639 1
36339 -43.096424 -60.037811 0.027675 1
36340 -43.993191 -59.687740 -0.587204 1
36341 -45.742512 -59.102554 -1.472408 1
37147 -43.021584 -58.388859 0.830502 1
37148 -43.695850 -58.492275 0.260706 1
37157 -44.266609 -57.911377 0.037910 1
37176 -41.514050 -59.397587 1.452069 1
37177 -42.086582 -58.750690 1.210643 1
37178 -42.848454 -58.886723 0.658300 1
37179 -44.436604 -57.853943 -0.200314 1
37189 -43.434513 -59.290073 0.113741 1
37190 -45.697262 -58.011806 -1.138167 1
37203 -47.723755 -57.728962 -2.486761 1
38092 -43.198807 -57.134254 1.210716 1
38093 -44.234119 -57.147179 0.271638 1
38103 -44.731392 -57.416153 -0.155156 1
38104 -45.246407 -57.239758 -0.620621 1
38111 -41.743126 -58.170033 1.531039 1
38124 -42.455112 -58.031002 1.122035 1
38125 -43.323540 -58.065735 0.598724 1
38126 -44.026344 -57.339378 0.336475 1
38134 -44.921841 -56.893906 -0.317887 1
38135 -45.937801 -57.055946 -1.072167 1
38144 -47.209885 -57.078487 -1.950023 1
39016 -40.876301 -57.174870 2.473652 1
39027 -41.437843 -56.696980 2.213097 1
39042 -42.887051 -56.639236 1.654916 1
39043 -43.459576 -56.415646 1.105550 1
39055 -44.929134 -56.680664 0.002423 1
39056 -45.590611 -56.517094 -0.248643 1
39063 -41.672363 -57.203568 1.792820 1
39064 -42.389877 -56.872524 1.391609 1
39078 -42.101101 -57.533562 1.427383 1
39079 -42.995743 -57.236481 0.858119 1
39080 -44.144917 -56.539463 0.354880 1
39091 -45.198681 -56.187782 -0.296975 1
39092 -46.096603 -56.149963 -1.152387 1
39101 -47.595417 -56.111267 -2.214830 1
39854 -41.022484 -56.588902 2.547055 1
39865 -41.057438 -56.520050 2.526406 1
39866 -41.673393 -56.223892 2.186985 1
39867 -42.086952 -56.233654 2.166778 1
39868 -42.683258 -56.016209 1.912721 1
39878 -41.125340 -56.453484 2.489875 1
39879 -43.177471 -55.636902 1.438770 1
39880 -43.706066 -55.675453 1.016712 1
39892 -41.022297 -56.821365 2.458906 1
39893 -41.582912 -56.496769 2.146545 1
39894 -42.169640 -56.046650 1.754767 1
39908 -41.888386 -56.585339 1.756400 1
39909 -42.644794 -56.248390 1.407568 1
39926 -43.191677 -56.418148 0.923143 1
39927 -43.974239 -55.929512 0.551848 1
39939 -44.856129 -55.704098 -0.124091 1
39940 -46.100094 -55.441429 -1.056506 1
39950 -47.645767 -55.144463 -2.352010 1
40708 -41.640640 -56.183167 2.174767 1
40709 -42.055923 -55.883453 2.112632 1
40710 -42.375580 -55.804066 2.048375 1
40717 -41.863766 -56.028034 2.035136 1
40718 -42.328682 -55.662426 1.988194 1
40719 -42.763748 -55.375351 1.765630 1
40720 -42.935852 -55.443378 1.658473 1
40721 -44.057121 -55.076767 0.850247 1
40722 -44.436939 -55.388615 0.426523 1
40733 -42.666435 -55.565479 1.734724 1
40746 -43.409191 -55.707977 0.967976 1
40747 -43.857544 -55.117542 0.829670 1
40757 -44.552227 -55.210373 0.360244 1
40766 -45.963451 -54.756153 -0.861223 1
41613 -43.352772 -54.820637 1.337014 1
41614 -44.068169 -54.727425 0.896716 1
41626 -42.935760 -55.210320 1.602747 1
41627 -43.884041 -54.662373 0.864324 1
41628 -44.104084 -54.452976 0.795459 1
41642 -43.241402 -55.332680 1.223656 1
41657 -44.542110 -54.650291 0.448203 1
42569 -44.569874 -54.370724 0.426368 1
110108 -44.724373 -60.312305 -1.232842 1
110109 -49.306229 -60.754719 -7.733469 1
110111 -48.942822 -59.749992 -4.252387 1
110247 -47.089657 -60.979801 -2.778100 1
110251 -49.322601 -60.589844 -5.979086 1
110255 -45.982998 -62.515987 -2.331603 1
110319 -47.218773 -63.159946 -3.338195 1
110328 -47.474297 -62.111664 -3.323381 1
110386 -48.790337 -60.871819 -9.441519 1
110408 -49.228237 -61.980907 -5.120716 1
110414 -46.623631 -60.067947 -2.229891 1
110450 -45.539494 -61.081108 -1.666025 1
110702 -48.287769 -58.635609 -3.281440 1
111432 -42.578060 -61.488499 0.141812 1
113526 -43.715321 -54.819176 0.923879 1
114340 -43.511082 -55.214352 1.174660 1
115566 -44.350937 -58.801235 -0.435871 1
116946 -41.548584 -64.097580 0.754409 1
118623 -42.814873 -55.769878 1.452426 1
118932 -39.961670 -63.360405 1.844895 1
119210 -44.187023 -61.260101 -1.098354 1
120758 -40.319828 -60.695004 2.146294 1
120868 -43.787266 -64.741058 -1.076012 1
120884 -41.456985 -56.207233 2.302617 1
122091 -43.602028 -57.685829 0.637083 1
122853 -44.893127 -62.804531 -1.804000 1
123299 -43.499989 -63.853161 -0.928596 1
124774 -43.397732 -54.963448 1.242163 1
125053 -43.349606 -54.773808 1.360890 1
125219 -40.960121 -61.329811 1.323971 1
126197 -46.028896 -61.721886 -2.157843 1
127003 -43.739712 -56.913269 0.734935 1
127074 -44.953510 -61.926056 -1.651997 1
127141 -44.696785 -65.562675 -1.413017 1
127581 -42.727325 -59.607792 0.507437 1
128193 -43.141663 -55.080936 1.410947 1
128443 -43.175339 -56.047443 1.456283 1
129206 -42.929371 -57.773346 1.174915 1
130349 -43.670589 -58.591496 0.224546 1
130625 -43.210720 -62.655289 -0.790479 1
131085 -44.494560 -54.267071 0.520355 1
131217 -42.667320 -58.443390 0.901275 1
132717 -44.171196 -56.260101 0.388227 1
