# Freesurfer label: sub-03 rnd5 tmax1 day1VA unionROI
161
15637 -37.729000 -48.465000 2.415000 1
16501 -36.871000 -48.036000 2.471000 1
16502 -37.546000 -47.480000 2.386000 1
17384 -36.107000 -46.397000 2.973000 1
17385 -37.180000 -46.113000 2.821000 1
17392 -36.597000 -47.278000 2.531000 1
17393 -37.968000 -46.615000 2.402000 1
17394 -38.840000 -46.897000 2.355000 1
18249 -42.202000 -46.254000 4.407000 1
18256 -33.976000 -45.005000 2.159000 1
18257 -35.032000 -45.344000 3.290000 1
18259 -38.358000 -45.279000 2.834000 1
18260 -39.805000 -44.825000 2.541000 1
18261 -40.500000 -45.654000 2.923000 1
18262 -41.393000 -45.703000 3.623000 1
18265 -37.962000 -45.864000 2.628000 1
18266 -38.805000 -46.014000 2.421000 1
18267 -39.715000 -45.787000 2.533000 1
19115 -36.152000 -44.061000 3.976000 1
19117 -41.964000 -45.282000 4.296000 1
19118 -42.402000 -44.846000 4.902000 1
19122 -34.435000 -44.312000 2.209000 1
19123 -35.538000 -44.656000 3.445000 1
19125 -40.059000 -44.039000 2.548000 1
19126 -40.606000 -44.549000 2.992000 1
19127 -41.131000 -43.870000 3.333000 1
19981 -42.801000 -43.878000 5.749000 1
19989 -35.784000 -43.522000 3.488000 1
19990 -36.726000 -43.533000 4.404000 1
19991 -37.652000 -43.151000 4.427000 1
19992 -41.518000 -43.395000 3.975000 1
19998 -34.878000 -43.747000 2.428000 1
20000 -38.554000 -43.703000 3.611000 1
20001 -39.710000 -43.491000 2.841000 1
20002 -40.572000 -43.398000 2.734000 1
20003 -41.248000 -42.900000 3.017000 1
20860 -40.837000 -41.794000 7.969000 1
20871 -41.875000 -42.393000 6.185000 1
20885 -41.645000 -42.839000 4.727000 1
20886 -42.051000 -43.051000 5.584000 1
20895 -36.026000 -42.940000 3.552000 1
20896 -37.090000 -42.620000 4.422000 1
20897 -38.134000 -42.388000 4.350000 1
20898 -41.696000 -42.458000 3.617000 1
20902 -35.195000 -42.541000 1.692000 1
20903 -39.066000 -42.900000 3.622000 1
20904 -39.271000 -42.093000 3.751000 1
20905 -41.024000 -42.294000 2.688000 1
20906 -41.647000 -41.507000 2.790000 1
21703 -40.550000 -41.386000 7.534000 1
21704 -41.180000 -41.713000 7.253000 1
21713 -40.908000 -41.180000 6.799000 1
21714 -41.433000 -41.660000 6.461000 1
21723 -41.638000 -41.561000 5.484000 1
21733 -36.438000 -42.039000 3.572000 1
21734 -37.269000 -41.014000 4.064000 1
21735 -38.215000 -40.749000 4.346000 1
21736 -42.362000 -40.580000 3.536000 1
21744 -39.327000 -41.191000 3.893000 1
21745 -40.366000 -41.834000 2.982000 1
21746 -42.151000 -40.831000 2.834000 1
21751 -41.193000 -41.374000 2.668000 1
21752 -41.756000 -40.906000 2.659000 1
22661 -40.777000 -40.495000 6.383000 1
22662 -41.304000 -40.989000 6.050000 1
22668 -41.342000 -40.315000 5.631000 1
22669 -41.803000 -40.334000 5.012000 1
22681 -37.011000 -40.421000 3.309000 1
22682 -37.738000 -40.286000 4.115000 1
22683 -38.397000 -39.827000 4.078000 1
22684 -42.297000 -40.056000 4.363000 1
22691 -39.319000 -40.276000 3.886000 1
22692 -40.423000 -40.893000 3.160000 1
22693 -42.054000 -40.228000 2.556000 1
22694 -42.393000 -40.207000 2.893000 1
22699 -41.349000 -40.580000 2.661000 1
23575 -40.832000 -39.728000 5.925000 1
23584 -41.656000 -39.596000 5.056000 1
23585 -42.300000 -39.212000 4.205000 1
23598 -37.591000 -39.630000 3.485000 1
23599 -42.497000 -39.693000 3.695000 1
23605 -36.793000 -39.856000 2.092000 1
23606 -37.343000 -38.875000 2.319000 1
23607 -38.328000 -38.832000 3.506000 1
23608 -39.473000 -39.351000 3.623000 1
23609 -40.728000 -39.179000 2.957000 1
23610 -42.547000 -39.723000 3.136000 1
23615 -36.621000 -39.321000 0.576000 1
23616 -41.472000 -39.779000 2.632000 1
23617 -42.078000 -39.342000 2.586000 1
23618 -42.337000 -39.735000 2.783000 1
24441 -40.155000 -39.146000 6.252000 1
24450 -41.035000 -38.180000 5.104000 1
24451 -41.692000 -38.703000 4.708000 1
24461 -41.649000 -38.061000 4.432000 1
24462 -42.237000 -38.381000 3.811000 1
24463 -42.509000 -38.989000 3.376000 1
24469 -37.095000 -38.397000 0.851000 1
24470 -37.995000 -37.786000 2.553000 1
24471 -39.672000 -38.235000 3.264000 1
24472 -41.118000 -38.425000 2.703000 1
24477 -41.897000 -38.588000 2.579000 1
24478 -42.214000 -38.740000 2.723000 1
24479 -42.407000 -39.158000 2.872000 1
25408 -40.487000 -37.664000 5.316000 1
25416 -41.132000 -37.522000 4.672000 1
25423 -39.253000 -37.354000 2.778000 1
25424 -40.412000 -37.682000 2.688000 1
25425 -42.321000 -37.858000 3.071000 1
25426 -42.401000 -38.514000 2.918000 1
25431 -38.396000 -36.946000 1.939000 1
25432 -40.077000 -36.811000 2.345000 1
25433 -41.402000 -37.547000 2.521000 1
25434 -42.094000 -37.931000 2.712000 1
25439 -36.721000 -37.921000 0.332000 1
25440 -37.514000 -36.954000 0.654000 1
26390 -38.743000 -36.228000 1.689000 1
26391 -40.263000 -36.098000 1.860000 1
26392 -41.195000 -36.093000 1.897000 1
26393 -41.524000 -35.964000 2.145000 1
26400 -38.067000 -36.088000 0.790000 1
26401 -39.063000 -35.593000 1.430000 1
121690 -36.363000 -40.799000 1.805000 1
124242 -40.512000 -40.019000 3.127000 1
124389 -42.797000 -44.508000 5.407000 1
125026 -41.850000 -46.703000 3.897000 1
125171 -38.303000 -47.314000 2.336000 1
125589 -41.990000 -40.881000 4.631000 1
125814 -41.890000 -41.763000 4.313000 1
126497 -41.680000 -36.796000 2.475000 1
127167 -38.999000 -47.761000 2.397000 1
128740 -36.371000 -41.351000 2.736000 1
129590 -41.197000 -46.593000 3.337000 1
130170 -37.623000 -41.678000 4.350000 1
131339 -40.965000 -38.915000 5.517000 1
131415 -40.085000 -42.714000 2.872000 1
131550 -42.032000 -41.580000 3.212000 1
134150 -42.122000 -37.208000 2.754000 1
134952 -37.726000 -44.525000 3.684000 1
135305 -40.339000 -36.896000 5.142000 1
137235 -42.052000 -43.822000 4.978000 1
137353 -36.302000 -45.483000 3.413000 1
137911 -39.147000 -45.275000 2.511000 1
137955 -41.659000 -42.345000 5.329000 1
138377 -37.496000 -37.586000 0.990000 1
138384 -36.853000 -44.117000 4.409000 1
138998 -41.570000 -39.101000 2.622000 1
139097 -40.417000 -35.502000 1.508000 1
139576 -38.455000 -41.571000 4.328000 1
141473 -41.558000 -42.130000 2.933000 1
141573 -38.870000 -44.603000 2.868000 1
141636 -41.119000 -36.652000 2.159000 1
142205 -37.111000 -46.790000 2.545000 1
142905 -41.692000 -44.315000 4.224000 1
142990 -41.615000 -40.812000 5.377000 1
143328 -39.494000 -44.135000 2.755000 1
144187 -38.341000 -43.006000 4.160000 1
144876 -39.496000 -47.271000 2.472000 1
145262 -41.329000 -44.735000 3.667000 1
146171 -35.611000 -42.049000 1.788000 1
146630 -42.406000 -38.424000 3.239000 1
