# Freesurfer label: sub-03 rnd1 tmax1 day2VA unionROI
142
7804 -30.998000 -57.955000 4.573000 1
7805 -31.892000 -58.163000 4.936000 1
7806 -32.733000 -58.156000 5.118000 1
7807 -33.475000 -58.094000 5.159000 1
7808 -34.294000 -58.135000 4.713000 1
7817 -31.032000 -58.219000 3.202000 1
7818 -31.780000 -58.324000 3.844000 1
7819 -32.595000 -58.349000 4.257000 1
7820 -33.418000 -58.303000 4.519000 1
7835 -33.843000 -58.365000 3.087000 1
7836 -34.425000 -58.238000 3.736000 1
8446 -32.216000 -57.475000 6.348000 1
8447 -33.312000 -57.447000 6.129000 1
8448 -34.237000 -57.366000 5.889000 1
8449 -35.115000 -57.237000 5.573000 1
8464 -32.082000 -57.923000 5.715000 1
8465 -32.943000 -57.845000 5.695000 1
8466 -33.841000 -57.802000 5.510000 1
8467 -35.787000 -57.300000 5.031000 1
8478 -34.905000 -57.998000 4.254000 1
8479 -35.456000 -57.547000 4.218000 1
8492 -34.819000 -57.915000 3.525000 1
8493 -35.048000 -57.358000 3.184000 1
9179 -33.748000 -56.882000 6.412000 1
9180 -34.556000 -56.875000 6.123000 1
9181 -35.180000 -56.507000 5.979000 1
9193 -35.852000 -56.774000 5.443000 1
9194 -36.491000 -56.337000 5.270000 1
9205 -36.172000 -56.966000 4.620000 1
9206 -36.699000 -56.386000 4.906000 1
9220 -35.731000 -56.788000 3.661000 1
9221 -36.573000 -56.378000 4.307000 1
9238 -34.976000 -56.700000 2.790000 1
9905 -34.235000 -56.087000 6.463000 1
9906 -35.080000 -55.635000 6.233000 1
9907 -35.879000 -56.077000 5.704000 1
9920 -37.207000 -55.811000 5.100000 1
9921 -37.920000 -55.311000 4.978000 1
9922 -38.274000 -54.964000 4.851000 1
9937 -37.357000 -55.747000 4.682000 1
9938 -37.970000 -55.255000 4.720000 1
9952 -35.288000 -56.044000 2.931000 1
9953 -36.874000 -55.715000 3.939000 1
9954 -37.632000 -55.190000 4.201000 1
9969 -33.449000 -56.593000 1.832000 1
9970 -33.912000 -56.071000 1.883000 1
10689 -34.887000 -54.544000 6.375000 1
10690 -35.777000 -55.191000 5.913000 1
10702 -36.653000 -55.640000 5.459000 1
10703 -37.564000 -55.058000 5.329000 1
10704 -38.266000 -54.748000 5.066000 1
10705 -38.445000 -54.433000 4.787000 1
10720 -38.128000 -54.898000 4.367000 1
10721 -38.485000 -54.221000 4.250000 1
10736 -34.912000 -54.376000 2.827000 1
10737 -35.741000 -55.269000 3.362000 1
10738 -36.844000 -54.766000 3.712000 1
10739 -37.911000 -54.349000 3.831000 1
10753 -34.152000 -54.419000 2.267000 1
10754 -34.672000 -55.241000 2.442000 1
11483 -36.049000 -53.756000 5.858000 1
11484 -37.023000 -54.002000 5.554000 1
11485 -38.044000 -54.133000 5.314000 1
11486 -38.502000 -53.905000 4.992000 1
11500 -38.636000 -53.738000 4.526000 1
11501 -38.982000 -53.048000 4.218000 1
11517 -35.191000 -53.532000 3.282000 1
11518 -36.156000 -53.903000 3.513000 1
11519 -37.077000 -53.802000 3.583000 1
11520 -38.491000 -53.564000 3.773000 1
11521 -39.008000 -52.952000 3.758000 1
11532 -34.243000 -53.614000 2.566000 1
12259 -37.499000 -53.216000 5.482000 1
12260 -38.738000 -52.531000 4.933000 1
12272 -39.147000 -52.458000 4.389000 1
12273 -39.356000 -52.336000 3.909000 1
12280 -33.330000 -52.217000 2.657000 1
12281 -34.393000 -52.756000 3.002000 1
12282 -36.030000 -53.055000 3.542000 1
12283 -37.239000 -52.911000 3.469000 1
12284 -38.369000 -52.764000 3.374000 1
12285 -39.096000 -52.192000 3.278000 1
12293 -33.640000 -53.061000 2.489000 1
13096 -38.327000 -51.734000 5.133000 1
13097 -39.102000 -51.793000 4.659000 1
13106 -39.502000 -51.676000 4.137000 1
13114 -34.389000 -51.810000 3.316000 1
13115 -35.516000 -51.489000 3.541000 1
13116 -36.607000 -51.267000 3.351000 1
13117 -37.733000 -51.097000 2.855000 1
13931 -39.388000 -50.935000 4.414000 1
13932 -39.810000 -50.862000 3.966000 1
13933 -40.082000 -50.081000 3.858000 1
13940 -32.782000 -50.540000 2.754000 1
13941 -34.673000 -50.904000 3.551000 1
13942 -35.797000 -50.646000 3.460000 1
13943 -36.765000 -50.377000 3.160000 1
13945 -39.866000 -50.550000 3.435000 1
13955 -32.269000 -50.085000 2.547000 1
14771 -39.408000 -50.016000 4.483000 1
14772 -40.088000 -49.586000 4.181000 1
14773 -40.462000 -49.316000 3.763000 1
14784 -32.936000 -49.621000 2.926000 1
14785 -34.295000 -49.394000 3.582000 1
14786 -35.579000 -49.281000 3.292000 1
14787 -36.705000 -49.428000 2.924000 1
15615 -40.570000 -48.874000 4.094000 1
15623 -32.558000 -48.445000 2.695000 1
15624 -33.590000 -48.704000 3.372000 1
15625 -34.804000 -48.473000 3.306000 1
15626 -36.124000 -48.472000 2.827000 1
15636 -37.009000 -48.731000 2.600000 1
123830 -34.303000 -55.152000 6.569000 1
126133 -34.078000 -55.279000 1.996000 1
126215 -35.122000 -57.747000 4.896000 1
126392 -36.065000 -56.091000 3.683000 1
127392 -32.510000 -58.483000 3.172000 1
128038 -36.870000 -52.306000 5.591000 1
128427 -37.474000 -52.029000 3.234000 1
128676 -35.758000 -54.363000 3.365000 1
128884 -31.282000 -57.838000 5.592000 1
128925 -33.278000 -58.432000 3.601000 1
129133 -33.846000 -50.285000 3.409000 1
132429 -36.343000 -52.156000 3.495000 1
132918 -37.959000 -53.537000 3.536000 1
133598 -35.067000 -50.062000 3.567000 1
133749 -38.378000 -53.293000 5.171000 1
134007 -36.471000 -54.701000 5.678000 1
134303 -35.650000 -54.341000 6.020000 1
134511 -39.843000 -50.330000 4.140000 1
134575 -37.932000 -52.451000 5.343000 1
134745 -38.750000 -53.195000 4.690000 1
135200 -33.505000 -51.196000 3.055000 1
136063 -34.583000 -57.705000 5.340000 1
138298 -35.286000 -52.335000 3.498000 1
139358 -38.366000 -54.658000 4.616000 1
139492 -36.031000 -49.936000 3.287000 1
143589 -31.481000 -57.632000 6.210000 1
145187 -35.195000 -52.888000 3.432000 1
146144 -36.260000 -56.823000 5.069000 1
146597 -33.923000 -58.363000 3.950000 1
146739 -38.766000 -53.510000 4.111000 1
