# Stage2 ROI 1
147
46179 -36.322468 -14.929022 5.087885 1
46194 -34.592316 -14.240514 4.030567 1
46195 -36.147198 -14.594798 4.911101 1
46213 -33.898788 -14.011093 3.446730 1
46214 -34.747368 -14.484760 3.114858 1
46228 -33.913063 -13.877738 2.499702 1
46240 -34.095043 -13.518820 0.997203 1
46241 -34.974937 -13.801655 -1.606228 1
46249 -34.263973 -13.574590 -3.026514 1
47215 -35.302170 -14.088800 4.822482 1
47216 -35.943436 -14.268586 4.964562 1
47229 -33.662342 -13.757483 3.977186 1
47230 -34.431179 -13.965549 4.416578 1
47250 -33.123951 -13.014580 2.543404 1
47251 -33.453873 -13.552520 3.119657 1
47266 -33.531189 -13.260833 1.811955 1
47279 -33.292561 -12.577438 0.704686 1
47280 -33.865288 -12.887921 -0.207282 1
47288 -33.367867 -12.584862 -3.393164 1
47289 -33.855328 -12.936613 -2.693881 1
47299 -32.744946 -13.342671 -4.225351 1
47300 -33.350517 -13.650188 -4.036476 1
48148 -35.486050 -13.877864 5.113812 1
48160 -34.851788 -13.575891 4.835364 1
48161 -34.837582 -13.384706 4.873077 1
48165 -33.444115 -13.360813 4.249577 1
48166 -33.756527 -13.238769 4.628300 1
48181 -33.088360 -12.879838 3.801650 1
48192 -32.908546 -12.451215 1.937789 1
48208 -33.261620 -11.901884 -2.694809 1
48209 -33.282829 -12.056648 -1.052281 1
48223 -33.278027 -12.252759 -3.116926 1
48236 -32.339191 -12.398025 -4.240644 1
48237 -32.387329 -12.916486 -4.410382 1
49092 -34.870667 -13.313018 4.869637 1
49108 -34.051376 -13.086946 4.854862 1
49109 -34.280376 -13.001837 4.882777 1
49110 -34.606766 -13.067166 4.812654 1
49117 -33.235893 -12.739625 4.072031 1
49118 -33.527489 -12.951579 4.537137 1
49130 -32.892670 -12.419888 2.919554 1
49131 -33.052528 -12.379307 3.428572 1
49144 -32.775005 -11.986130 1.871084 1
49153 -33.087593 -11.680862 -1.022045 1
49154 -32.847004 -11.618715 0.537455 1
49168 -32.990688 -11.755784 -2.953935 1
49185 -32.027905 -12.210127 -4.647075 1
50142 -33.792770 -12.836384 4.630685 1
50143 -34.000793 -12.668621 4.599671 1
50144 -34.431210 -12.820020 4.636960 1
50156 -33.219532 -12.317851 3.651415 1
50157 -33.459488 -12.644385 4.177253 1
50166 -32.847252 -11.902966 2.658372 1
50167 -33.004692 -11.829732 3.072875 1
50181 -32.790695 -11.485845 1.648651 1
50196 -33.079559 -11.435146 -1.166825 1
50197 -32.899620 -11.122081 0.303378 1
50210 -32.892185 -11.550121 -3.265205 1
51167 -33.594074 -12.288743 3.884625 1
51168 -33.859520 -12.300026 4.083526 1
51169 -34.342018 -12.559795 4.321631 1
51181 -33.188007 -11.845148 3.187574 1
51182 -33.274479 -11.841866 3.224333 1
51183 -33.347942 -11.787574 3.208230 1
51184 -33.778522 -12.038911 3.627456 1
51193 -32.938091 -11.351845 2.323848 1
51194 -33.054398 -11.298590 2.637469 1
51195 -33.058529 -11.305699 2.683508 1
51207 -32.884819 -10.943055 1.417484 1
51224 -32.971069 -10.697170 -0.530347 1
51225 -33.015907 -10.630644 0.562536 1
51238 -33.085884 -10.952492 -2.418664 1
52218 -33.079765 -11.239489 2.613013 1
52219 -33.032104 -11.002724 2.396647 1
52220 -33.242458 -11.469780 2.782858 1
52221 -33.508133 -11.627547 2.848086 1
52236 -32.960159 -10.761132 2.179672 1
52237 -32.968620 -10.707433 2.156209 1
52238 -32.954212 -10.618991 2.099955 1
52239 -33.025787 -10.893655 2.042719 1
52240 -33.164215 -11.133895 1.906322 1
52252 -33.008148 -10.303533 1.500326 1
52253 -33.043064 -10.461318 0.666832 1
52268 -33.002827 -10.213870 0.068472 1
52269 -33.083031 -10.305490 1.028077 1
52287 -32.988163 -10.298602 -1.244537 1
52303 -32.985718 -10.598260 -3.089248 1
53196 -32.989578 -10.733749 2.103140 1
53213 -32.954090 -10.327255 1.717623 1
53214 -32.950829 -10.072618 1.500698 1
53215 -32.957535 -10.231775 1.658595 1
53216 -32.981064 -10.150766 1.646317 1
53217 -33.115437 -10.228989 1.233333 1
53235 -32.978046 -9.632741 0.940075 1
53236 -32.993473 -9.772430 1.182382 1
53237 -33.008308 -9.290556 0.797230 1
53238 -33.054646 -9.324956 0.519581 1
53239 -33.039162 -9.405070 -0.036451 1
53251 -32.943916 -9.808886 -0.691082 1
53252 -33.046459 -9.702623 0.263966 1
53266 -33.110748 -9.607522 -1.520598 1
53267 -32.998837 -9.247317 -0.660912 1
53281 -33.144238 -9.942627 -3.478469 1
54232 -33.019855 -9.460293 0.897255 1
54233 -33.049965 -9.419717 0.976428 1
54252 -32.957378 -8.912666 0.516642 1
54253 -33.067833 -8.650930 0.421389 1
54254 -33.148785 -8.669646 0.402160 1
54255 -33.167912 -8.321583 -0.276110 1
54256 -33.304398 -8.324977 -0.915326 1
54270 -33.104465 -8.214982 -0.155384 1
54283 -33.259380 -9.047663 -2.026134 1
54298 -33.746521 -8.117151 -2.866727 1
55262 -33.220295 -8.018040 0.007570 1
55263 -33.425190 -8.011056 0.086055 1
55264 -33.474293 -7.963963 0.087244 1
55265 -33.864761 -7.274889 -1.453697 1
55266 -33.670704 -7.520615 -1.512851 1
55281 -33.401566 -7.549010 -0.963835 1
55282 -33.593216 -7.181123 -0.938173 1
55283 -33.810577 -7.141044 -0.862620 1
55294 -33.809708 -7.261708 -1.859398 1
56276 -33.741867 -7.134686 -1.080436 1
56277 -33.784294 -7.084446 -1.152847 1
56295 -34.571690 -5.685815 -2.300496 1
56296 -34.690292 -5.852673 -2.277223 1
122164 -34.364548 -6.460355 -1.954078 1
125323 -33.181572 -13.259115 3.587848 1
125411 -33.040699 -9.016392 0.162244 1
125879 -33.339653 -13.029079 4.340140 1
126426 -33.015652 -10.801544 1.948427 1
126761 -33.422493 -7.869724 -0.237936 1
128581 -34.458847 -13.190533 -1.141363 1
129929 -32.911625 -11.994069 0.655661 1
130749 -33.710846 -12.385407 -1.894427 1
132197 -33.395679 -12.284479 3.751704 1
132772 -33.053867 -11.132308 -1.276687 1
134927 -35.646839 -14.089040 5.006616 1
136987 -33.040264 -10.006781 -1.835736 1
139377 -33.239616 -8.374254 -0.770872 1
139801 -32.990265 -12.822240 3.092903 1
141587 -34.102421 -13.662736 4.589986 1
142784 -33.071121 -8.574653 0.379132 1
144516 -33.788246 -13.652168 4.328346 1
144814 -33.553799 -11.946312 3.462353 1
146745 -33.660927 -12.562573 4.240921 1
147265 -33.014252 -12.247584 0.709139 1
