# Stage2 ROI 2
166
29989 -32.297714 -32.345802 4.331179 1
30726 -30.778225 -31.082642 6.032219 1
30727 -30.838531 -30.885504 6.161674 1
30740 -30.821466 -31.289383 5.837608 1
30756 -30.953102 -31.646526 5.534784 1
30767 -31.428734 -31.840450 5.138509 1
30776 -32.731098 -31.622950 3.868765 1
30782 -33.704933 -31.983536 2.749064 1
30783 -34.730480 -32.541134 1.091963 1
31576 -30.901251 -29.968826 6.028754 1
31577 -31.083899 -29.812832 5.997726 1
31589 -30.810812 -30.449730 5.869619 1
31590 -30.814734 -30.187660 5.994815 1
31604 -30.912817 -29.892916 5.743159 1
31624 -31.158789 -30.155256 5.438906 1
31636 -31.692810 -30.425711 4.999063 1
31637 -32.253086 -30.659733 4.235012 1
31647 -33.166443 -30.970499 3.291748 1
31655 -34.424000 -31.441807 1.862707 1
31665 -35.188046 -32.201359 0.057712 1
32483 -31.048101 -28.992228 5.819182 1
32484 -31.156464 -28.797031 5.804041 1
32485 -31.291319 -28.567032 5.719148 1
32501 -31.077955 -28.794224 5.799544 1
32502 -30.964325 -29.168308 5.862529 1
32519 -30.989349 -29.118483 5.773474 1
32539 -31.167744 -29.396936 5.543697 1
32548 -31.533390 -29.617220 5.218046 1
32549 -31.924448 -29.818411 4.534507 1
32558 -32.614010 -30.057344 3.757446 1
32566 -33.625694 -30.322762 2.856539 1
32567 -34.693352 -30.644629 1.631409 1
32575 -35.359749 -31.347792 0.308743 1
33528 -31.327641 -28.334448 5.689453 1
33529 -31.461826 -28.093584 5.635482 1
33530 -31.656570 -27.727480 5.491636 1
33531 -31.847012 -27.372080 5.476293 1
33548 -31.366060 -28.136110 5.707781 1
33549 -31.322987 -28.336458 5.704891 1
33565 -31.236811 -28.455168 5.737788 1
33585 -31.671799 -28.266693 5.257733 1
33605 -32.398415 -28.533863 4.073627 1
33614 -33.006035 -29.388712 3.392442 1
34572 -32.782257 -26.265068 6.437425 1
34588 -31.713602 -27.604116 5.517173 1
34589 -32.257458 -26.790941 5.836304 1
34605 -31.723146 -27.543226 5.523464 1
34606 -31.622339 -27.748947 5.545760 1
34615 -31.735453 -27.451134 5.470366 1
34632 -31.671080 -27.485117 5.347208 1
34645 -31.880823 -27.547525 5.109926 1
34646 -32.133175 -27.649668 4.615383 1
34659 -32.805698 -27.743673 3.886936 1
34670 -33.492420 -28.613535 2.966905 1
34684 -34.558128 -28.294962 2.062159 1
35651 -33.227036 -25.723513 6.807077 1
35652 -33.521252 -25.601362 7.276875 1
35666 -31.912676 -27.266836 5.582050 1
35667 -32.196777 -26.639059 5.725908 1
35668 -32.601971 -26.462120 6.315538 1
35684 -32.098885 -26.874550 5.600575 1
35685 -31.938725 -27.080708 5.542816 1
35686 -32.235828 -26.666496 5.685860 1
35708 -32.071354 -26.920479 5.587114 1
35720 -32.090313 -27.025774 5.352916 1
35721 -32.240860 -27.046064 5.071965 1
35726 -32.396820 -27.062958 4.420985 1
35727 -32.892326 -27.254469 3.458341 1
35734 -33.441601 -27.742826 2.992817 1
35746 -34.432384 -27.684378 2.354164 1
35747 -35.341698 -27.968132 1.368623 1
36678 -33.613132 -25.459557 7.117110 1
36679 -33.848961 -25.291183 7.573265 1
36695 -32.517746 -26.115871 6.205850 1
36696 -33.144615 -25.826376 6.658007 1
36712 -31.651762 -26.089453 5.929506 1
36713 -31.833361 -25.890293 5.978345 1
36726 -31.503918 -26.016323 5.527277 1
36727 -31.545002 -25.889799 5.811062 1
36743 -31.437407 -26.129311 5.294332 1
36744 -31.426933 -25.858709 5.285831 1
36763 -31.513756 -26.252550 5.028296 1
36772 -31.734858 -26.245300 4.483244 1
36773 -32.555950 -26.595617 3.490059 1
36784 -33.343468 -26.372623 2.767829 1
36785 -34.113018 -26.131258 2.209024 1
36796 -34.794765 -27.194000 1.966336 1
36800 -36.195480 -27.721869 0.410437 1
37687 -34.085014 -24.910269 7.457431 1
37705 -33.131886 -25.665127 6.505181 1
37706 -33.590897 -25.258644 7.099193 1
37724 -31.740967 -26.018309 5.907427 1
37725 -32.842014 -25.847460 6.121469 1
37726 -33.530052 -25.234272 6.663459 1
37737 -31.595758 -25.899817 5.801251 1
37738 -32.698456 -25.889053 5.915556 1
37756 -31.448935 -25.829861 4.793877 1
37759 -31.964535 -25.716309 3.998617 1
37760 -32.436798 -25.124613 3.550913 1
37763 -33.221111 -25.116943 2.712522 1
37766 -34.718826 -25.550219 1.766445 1
37770 -37.004807 -27.447872 -0.581493 1
37771 -36.987873 -27.003365 -3.011970 1
38625 -34.535885 -24.721468 7.246005 1
38634 -34.463661 -24.810280 6.916781 1
38648 -33.171684 -25.257727 6.040031 1
38649 -33.984257 -24.934589 6.500973 1
38655 -32.642288 -25.765600 5.648032 1
38656 -33.929802 -25.031727 6.017846 1
38661 -31.627453 -25.726501 5.426583 1
38662 -32.528446 -25.227566 5.187456 1
38671 -31.713192 -25.549778 4.890931 1
38672 -32.318127 -24.910881 4.351522 1
38676 -31.970331 -25.309658 4.293678 1
38677 -32.661621 -24.715090 3.619701 1
38681 -32.924374 -24.743643 3.083973 1
38682 -33.922588 -24.744881 2.440609 1
38687 -35.776733 -25.257839 1.179117 1
38688 -36.932098 -24.995247 0.118492 1
38692 -37.411228 -26.424955 -0.663342 1
39577 -33.712860 -25.020819 5.514253 1
39578 -34.732689 -24.770981 5.887777 1
39584 -33.139442 -24.794857 4.715849 1
39585 -34.647350 -24.939514 5.279192 1
39597 -32.946064 -24.530188 3.978054 1
39598 -33.874676 -24.416126 3.733949 1
39602 -33.102322 -24.496248 3.369074 1
39603 -33.818394 -24.302645 3.017123 1
39607 -33.213207 -24.512569 3.012279 1
39608 -34.214771 -24.365011 2.552984 1
39609 -35.539356 -24.024389 1.868381 1
39614 -35.326393 -24.532619 1.657304 1
39615 -36.795479 -24.290367 0.593731 1
40458 -34.916538 -23.925396 2.544700 1
122958 -31.151026 -29.676197 5.944220 1
124311 -35.573006 -30.389650 0.447297 1
125956 -34.463001 -33.095383 1.800170 1
126561 -31.596745 -28.043163 5.482284 1
127616 -30.784870 -31.995117 5.814182 1
129230 -32.706482 -25.654539 3.111843 1
129393 -30.860437 -29.591406 5.877482 1
129476 -32.080833 -27.026867 5.709630 1
130387 -34.148914 -29.691620 2.271088 1
130765 -31.579271 -27.853918 5.608447 1
131299 -33.276340 -32.558292 3.220910 1
131651 -33.251770 -25.412951 6.259946 1
133161 -33.497036 -27.136726 2.871811 1
133245 -30.933273 -30.725830 5.653902 1
134563 -35.919071 -26.921371 1.273528 1
134964 -31.357647 -30.996845 5.306777 1
135327 -31.887529 -31.276764 4.775456 1
136053 -33.964581 -24.910366 6.967539 1
137440 -31.543005 -27.942253 5.536664 1
138309 -31.251982 -28.688881 5.574080 1
138905 -32.263386 -29.331970 4.120896 1
139124 -32.056084 -27.099825 5.754518 1
139421 -31.997271 -28.178492 4.866805 1
141245 -36.565254 -26.707861 0.571811 1
141570 -34.179737 -24.763727 4.607693 1
141744 -30.885929 -30.603016 6.133636 1
143652 -31.047731 -32.150486 5.324374 1
143704 -31.837212 -28.937616 4.912733 1
144568 -31.481960 -28.981272 5.353251 1
144903 -33.194550 -25.324930 5.693370 1
145567 -32.251450 -24.963890 3.957984 1
146373 -31.481340 -25.854847 5.570179 1
