# Freesurfer label: sub-04 rnd6 tmax2 day1VA unionROI
203
10676 -43.665000 -63.301000 -10.261000 1
11547 -43.525000 -62.976000 -10.797000 1
11548 -43.864000 -62.907000 -9.950000 1
11559 -43.410000 -63.152000 -11.568000 1
11560 -43.600000 -63.186000 -10.869000 1
11574 -43.115000 -63.030000 -12.405000 1
12416 -42.005000 -61.851000 -11.083000 1
12417 -43.240000 -62.690000 -10.709000 1
12418 -43.754000 -62.439000 -9.970000 1
12429 -42.709000 -62.468000 -11.530000 1
12430 -43.039000 -63.008000 -11.859000 1
12441 -41.776000 -61.548000 -11.694000 1
12442 -42.252000 -61.804000 -12.082000 1
13257 -40.785000 -60.728000 -9.891000 1
13258 -41.661000 -60.909000 -9.819000 1
13259 -42.882000 -60.772000 -9.855000 1
13260 -43.390000 -61.631000 -9.953000 1
13272 -40.735000 -60.864000 -10.598000 1
13273 -41.368000 -61.259000 -10.419000 1
13274 -42.269000 -61.572000 -10.331000 1
13285 -41.254000 -61.210000 -11.355000 1
14208 -40.490000 -59.322000 -9.090000 1
14230 -39.961000 -59.203000 -9.215000 1
14231 -40.264000 -59.885000 -9.538000 1
14232 -41.097000 -60.117000 -9.412000 1
14233 -42.292000 -59.956000 -9.501000 1
14234 -43.568000 -60.387000 -9.618000 1
14258 -39.741000 -59.352000 -9.714000 1
14259 -40.064000 -60.107000 -10.376000 1
15236 -39.612000 -58.049000 -8.746000 1
15237 -39.974000 -58.696000 -8.808000 1
15238 -40.715000 -58.640000 -8.687000 1
15239 -41.736000 -58.515000 -8.774000 1
15240 -42.787000 -58.439000 -9.133000 1
15259 -41.398000 -59.297000 -9.084000 1
15260 -43.193000 -59.196000 -9.570000 1
15261 -43.768000 -58.496000 -9.580000 1
15262 -44.386000 -58.342000 -9.552000 1
16230 -39.739000 -57.255000 -8.364000 1
16231 -40.537000 -57.015000 -7.985000 1
16243 -40.150000 -57.975000 -8.419000 1
16244 -41.095000 -57.870000 -8.341000 1
16245 -42.161000 -57.762000 -8.561000 1
16259 -45.077000 -57.735000 -9.916000 1
16260 -45.876000 -57.677000 -10.004000 1
16261 -46.733000 -57.327000 -10.084000 1
17218 -39.781000 -56.464000 -7.891000 1
17219 -40.365000 -56.255000 -7.638000 1
17220 -41.373000 -56.393000 -7.767000 1
17221 -42.658000 -56.193000 -7.977000 1
17232 -41.514000 -57.190000 -8.140000 1
17233 -42.386000 -56.958000 -8.304000 1
17235 -45.506000 -56.453000 -9.702000 1
17245 -45.528000 -57.282000 -10.068000 1
17246 -46.307000 -57.090000 -10.250000 1
17247 -47.175000 -56.830000 -10.168000 1
18274 -39.693000 -55.611000 -7.628000 1
18275 -40.774000 -55.409000 -7.414000 1
18276 -41.993000 -55.486000 -7.584000 1
18291 -39.276000 -55.444000 -8.012000 1
18293 -46.159000 -55.539000 -9.423000 1
18295 -48.859000 -54.575000 -8.277000 1
18309 -46.756000 -56.343000 -10.134000 1
18310 -47.227000 -55.438000 -9.882000 1
18311 -47.630000 -56.052000 -10.099000 1
19375 -40.107000 -53.999000 -6.960000 1
19386 -39.425000 -54.768000 -7.694000 1
19387 -39.953000 -54.749000 -7.281000 1
19388 -40.840000 -54.480000 -7.130000 1
19389 -42.433000 -54.721000 -7.461000 1
19390 -43.334000 -54.552000 -7.606000 1
19391 -44.182000 -54.350000 -7.780000 1
19392 -45.028000 -54.155000 -7.981000 1
19404 -45.592000 -54.774000 -8.636000 1
19405 -46.558000 -54.666000 -9.066000 1
19406 -47.574000 -54.523000 -9.400000 1
19407 -48.797000 -54.281000 -8.920000 1
19408 -49.120000 -53.803000 -8.185000 1
19423 -48.073000 -55.196000 -9.995000 1
19424 -48.496000 -55.055000 -9.465000 1
20513 -41.014000 -53.687000 -6.855000 1
20514 -42.066000 -53.398000 -6.998000 1
20527 -39.599000 -53.550000 -7.109000 1
20528 -41.797000 -54.179000 -7.163000 1
20529 -42.731000 -53.966000 -7.272000 1
20530 -43.586000 -53.747000 -7.440000 1
20531 -44.410000 -53.520000 -7.595000 1
20532 -45.254000 -53.293000 -7.821000 1
20533 -46.170000 -53.102000 -8.087000 1
20534 -49.625000 -53.468000 -7.487000 1
20535 -50.111000 -52.744000 -7.583000 1
20546 -45.887000 -53.943000 -8.351000 1
20547 -46.861000 -53.761000 -8.734000 1
20548 -47.867000 -53.600000 -8.978000 1
20549 -49.118000 -53.357000 -8.692000 1
20550 -49.566000 -53.038000 -8.149000 1
20551 -49.831000 -52.333000 -7.991000 1
20564 -48.418000 -54.296000 -9.347000 1
21651 -40.146000 -53.212000 -6.714000 1
21652 -41.260000 -52.753000 -6.647000 1
21653 -42.467000 -52.625000 -6.895000 1
21654 -43.958000 -52.087000 -7.078000 1
21656 -51.140000 -51.829000 -6.604000 1
21669 -43.009000 -53.199000 -7.164000 1
21670 -43.824000 -52.959000 -7.272000 1
21671 -44.635000 -52.683000 -7.420000 1
21672 -45.520000 -52.481000 -7.585000 1
21674 -47.471000 -52.331000 -7.931000 1
21675 -48.447000 -52.333000 -8.021000 1
21676 -50.085000 -51.830000 -7.878000 1
21677 -50.426000 -52.147000 -7.709000 1
21678 -50.959000 -51.819000 -7.193000 1
21689 -47.167000 -52.959000 -8.366000 1
21690 -48.175000 -52.841000 -8.572000 1
21691 -49.032000 -52.706000 -8.416000 1
22778 -41.621000 -51.272000 -6.415000 1
22779 -42.681000 -51.271000 -6.569000 1
22780 -43.620000 -51.337000 -6.725000 1
22781 -44.901000 -51.886000 -7.182000 1
22782 -46.139000 -51.227000 -6.808000 1
22783 -47.093000 -51.308000 -6.877000 1
22784 -48.129000 -51.407000 -7.084000 1
22785 -49.184000 -51.533000 -7.456000 1
22786 -49.987000 -51.601000 -7.745000 1
22787 -51.049000 -51.221000 -6.916000 1
22788 -51.587000 -51.235000 -6.334000 1
22799 -45.801000 -51.752000 -7.261000 1
22800 -46.761000 -51.755000 -7.372000 1
22801 -47.732000 -51.796000 -7.535000 1
22802 -49.272000 -52.119000 -7.938000 1
22803 -50.480000 -51.351000 -7.486000 1
22814 -49.615000 -52.212000 -8.043000 1
23860 -42.859000 -50.135000 -5.973000 1
23861 -44.002000 -50.254000 -6.021000 1
23865 -48.248000 -50.563000 -5.838000 1
23866 -49.341000 -50.661000 -6.137000 1
23867 -50.526000 -50.680000 -6.429000 1
23868 -51.365000 -50.660000 -6.290000 1
23869 -51.864000 -50.580000 -5.984000 1
23870 -52.443000 -49.986000 -5.493000 1
23885 -42.301000 -50.620000 -6.282000 1
23886 -43.330000 -50.638000 -6.324000 1
23887 -44.252000 -50.827000 -6.497000 1
23891 -48.741000 -51.083000 -6.627000 1
23892 -49.890000 -51.060000 -7.027000 1
23893 -51.319000 -50.846000 -6.503000 1
23910 -50.765000 -51.029000 -6.983000 1
24938 -50.315000 -49.745000 -4.939000 1
24939 -51.566000 -49.678000 -5.200000 1
24940 -52.539000 -49.582000 -5.238000 1
24941 -53.040000 -49.390000 -5.075000 1
24962 -48.702000 -50.216000 -5.316000 1
24963 -49.838000 -50.242000 -5.524000 1
24964 -51.054000 -50.269000 -5.743000 1
24965 -52.004000 -50.083000 -5.848000 1
25961 -51.365000 -48.708000 -3.985000 1
25962 -52.422000 -48.500000 -4.020000 1
25963 -53.346000 -48.390000 -3.798000 1
25986 -50.824000 -49.187000 -4.398000 1
25987 -52.036000 -49.112000 -4.641000 1
25988 -53.011000 -48.876000 -4.723000 1
26905 -52.898000 -47.183000 -2.844000 1
26906 -53.276000 -47.424000 -2.709000 1
27847 -52.396000 -45.731000 -2.338000 1
27848 -53.045000 -46.411000 -2.365000 1
27849 -53.312000 -46.819000 -2.215000 1
28860 -52.349000 -44.960000 -2.177000 1
28861 -52.853000 -45.415000 -2.056000 1
28862 -53.166000 -45.991000 -1.964000 1
29804 -50.949000 -44.320000 -1.976000 1
29805 -52.315000 -43.783000 -1.410000 1
29814 -51.952000 -44.324000 -2.091000 1
29815 -52.141000 -43.829000 -1.775000 1
29816 -52.503000 -44.547000 -1.800000 1
30660 -51.962000 -43.206000 -1.505000 1
30674 -51.639000 -43.579000 -1.880000 1
134379 -44.541000 -56.523000 -9.189000 1
139711 -45.156000 -51.126000 -6.758000 1
140143 -43.779000 -59.326000 -9.568000 1
140790 -40.119000 -52.336000 -6.516000 1
142354 -43.021000 -51.947000 -6.872000 1
143708 -39.632000 -54.190000 -7.329000 1
144676 -44.385000 -51.416000 -6.866000 1
145026 -48.574000 -51.841000 -7.659000 1
145323 -48.669000 -53.433000 -8.926000 1
148138 -42.570000 -62.220000 -12.707000 1
148276 -42.041000 -51.965000 -6.614000 1
153154 -42.748000 -62.199000 -10.701000 1
153609 -45.312000 -55.491000 -8.925000 1
153667 -43.270000 -52.545000 -7.078000 1
154199 -41.575000 -54.845000 -7.347000 1
156523 -43.353000 -59.901000 -9.634000 1
156706 -39.428000 -56.042000 -7.990000 1
156950 -42.750000 -62.680000 -12.768000 1
157174 -48.265000 -55.714000 -9.973000 1
157712 -49.381000 -52.670000 -8.274000 1
158832 -40.735000 -56.554000 -7.750000 1
159826 -48.894000 -53.864000 -9.080000 1
159900 -53.302000 -47.810000 -3.190000 1
160143 -41.060000 -51.945000 -6.453000 1
160433 -50.439000 -51.273000 -7.448000 1
161481 -42.296000 -59.062000 -9.226000 1
161916 -43.439000 -50.196000 -5.992000 1
