# Freesurfer label: sub-04 rnd3 tmax1 day1VA unionROI
141
8961 -42.263000 -64.846000 -9.112000 1
8962 -42.917000 -64.598000 -9.039000 1
8975 -41.772000 -64.953000 -9.759000 1
8976 -42.453000 -64.951000 -9.653000 1
8989 -41.409000 -64.909000 -10.459000 1
8990 -41.998000 -65.188000 -10.294000 1
9009 -41.637000 -65.217000 -10.959000 1
9778 -40.848000 -64.269000 -8.559000 1
9779 -41.533000 -64.346000 -8.217000 1
9780 -42.434000 -64.269000 -8.012000 1
9781 -43.155000 -63.971000 -8.071000 1
9791 -40.554000 -64.290000 -9.752000 1
9792 -40.657000 -64.351000 -9.090000 1
9793 -41.443000 -64.729000 -8.992000 1
9794 -42.109000 -64.673000 -8.544000 1
9795 -42.750000 -64.518000 -8.525000 1
9796 -43.275000 -63.974000 -8.909000 1
9812 -41.108000 -64.724000 -9.738000 1
9814 -43.384000 -63.829000 -9.480000 1
9827 -40.461000 -64.225000 -10.512000 1
9828 -40.891000 -64.623000 -10.874000 1
9845 -40.422000 -64.151000 -11.313000 1
9846 -40.899000 -64.573000 -11.559000 1
9847 -41.993000 -65.341000 -11.702000 1
9865 -40.470000 -63.974000 -12.063000 1
10615 -40.063000 -63.154000 -7.273000 1
10616 -40.899000 -63.324000 -7.203000 1
10617 -41.494000 -63.099000 -6.912000 1
10618 -42.437000 -63.114000 -6.927000 1
10619 -43.460000 -62.982000 -7.017000 1
10630 -39.483000 -63.275000 -8.225000 1
10631 -39.832000 -63.437000 -7.852000 1
10632 -40.696000 -63.755000 -7.883000 1
10633 -42.922000 -63.634000 -7.504000 1
10634 -43.651000 -63.381000 -7.586000 1
10635 -44.093000 -63.058000 -7.804000 1
10650 -40.221000 -63.848000 -8.471000 1
10651 -43.610000 -63.604000 -8.284000 1
10665 -39.443000 -63.135000 -9.179000 1
10666 -40.061000 -63.734000 -9.920000 1
10674 -39.307000 -62.929000 -10.933000 1
10675 -39.874000 -63.639000 -10.920000 1
10686 -39.354000 -63.172000 -12.293000 1
10687 -39.915000 -63.628000 -11.826000 1
10705 -39.286000 -63.039000 -12.997000 1
10706 -39.881000 -63.519000 -12.563000 1
10707 -40.416000 -63.829000 -12.702000 1
10723 -39.940000 -63.379000 -13.335000 1
10738 -40.500000 -63.316000 -13.916000 1
11504 -42.932000 -62.430000 -6.454000 1
11505 -43.838000 -62.234000 -6.655000 1
11506 -44.151000 -61.999000 -6.823000 1
11515 -44.031000 -62.746000 -7.117000 1
11516 -44.246000 -62.370000 -7.395000 1
11528 -38.875000 -62.383000 -8.845000 1
11537 -39.073000 -62.465000 -9.987000 1
11545 -38.242000 -61.996000 -11.396000 1
11546 -38.764000 -62.390000 -10.919000 1
11557 -38.202000 -62.225000 -12.258000 1
11558 -38.847000 -62.694000 -11.750000 1
11572 -38.140000 -62.383000 -12.923000 1
11573 -38.727000 -62.716000 -12.629000 1
11589 -37.222000 -61.757000 -14.036000 1
11590 -37.819000 -62.085000 -13.591000 1
11591 -38.584000 -62.587000 -13.342000 1
11592 -39.162000 -62.835000 -13.719000 1
11607 -37.548000 -61.826000 -14.514000 1
11608 -38.412000 -62.221000 -14.201000 1
11609 -39.840000 -62.944000 -14.140000 1
11610 -40.781000 -62.580000 -14.541000 1
11627 -37.918000 -61.836000 -15.095000 1
11628 -38.743000 -61.931000 -15.069000 1
11629 -39.623000 -61.849000 -15.223000 1
11630 -40.589000 -61.705000 -15.230000 1
12362 -42.708000 -61.040000 -5.705000 1
12363 -43.673000 -61.013000 -5.898000 1
12364 -44.135000 -60.910000 -6.213000 1
12379 -43.358000 -61.698000 -6.090000 1
12380 -44.049000 -61.538000 -6.409000 1
12381 -44.273000 -61.392000 -6.587000 1
12407 -38.573000 -61.761000 -9.421000 1
12414 -37.710000 -61.195000 -10.955000 1
12415 -38.446000 -61.795000 -10.445000 1
12427 -37.021000 -61.007000 -11.720000 1
12428 -37.619000 -61.635000 -11.921000 1
12438 -36.138000 -60.944000 -13.270000 1
12439 -36.832000 -61.477000 -12.997000 1
12440 -37.528000 -61.924000 -12.782000 1
12454 -36.122000 -61.073000 -14.398000 1
12455 -36.690000 -61.486000 -13.818000 1
12456 -37.215000 -61.774000 -13.433000 1
12472 -35.981000 -61.204000 -15.459000 1
12473 -36.729000 -61.565000 -14.812000 1
12474 -37.160000 -61.733000 -15.428000 1
12493 -34.767000 -60.760000 -16.627000 1
12494 -35.773000 -61.254000 -16.357000 1
12495 -36.451000 -61.512000 -15.853000 1
12496 -37.732000 -61.673000 -15.983000 1
12497 -39.139000 -61.455000 -15.837000 1
12498 -40.021000 -61.248000 -15.845000 1
12518 -36.322000 -61.409000 -16.660000 1
12519 -37.634000 -61.324000 -16.859000 1
12520 -38.552000 -61.259000 -16.506000 1
12521 -39.449000 -60.845000 -16.349000 1
13214 -43.138000 -60.395000 -5.565000 1
13215 -43.874000 -60.350000 -5.792000 1
13216 -44.182000 -60.162000 -6.076000 1
13228 -44.307000 -60.648000 -6.427000 1
13295 -35.789000 -60.535000 -12.400000 1
13296 -36.501000 -61.003000 -12.399000 1
13310 -35.002000 -60.162000 -13.420000 1
13311 -35.571000 -60.588000 -13.894000 1
13325 -34.477000 -59.941000 -15.170000 1
13326 -34.944000 -60.275000 -14.844000 1
13327 -35.465000 -60.699000 -14.985000 1
13340 -35.375000 -60.928000 -16.062000 1
14154 -43.417000 -59.654000 -5.555000 1
14155 -44.407000 -59.284000 -5.993000 1
14174 -44.399000 -59.739000 -6.309000 1
15197 -44.469000 -58.648000 -5.803000 1
135967 -43.987000 -59.104000 -5.687000 1
136334 -44.329000 -61.781000 -7.015000 1
136774 -34.938000 -60.546000 -15.660000 1
141125 -40.063000 -63.848000 -9.071000 1
141768 -39.461000 -63.245000 -11.604000 1
141981 -35.112000 -60.304000 -14.232000 1
142496 -39.238000 -62.395000 -14.475000 1
143088 -38.388000 -61.676000 -15.700000 1
143338 -38.126000 -61.095000 -9.881000 1
143959 -37.090000 -61.423000 -12.364000 1
144716 -40.893000 -64.607000 -10.278000 1
145021 -39.572000 -63.210000 -10.191000 1
146624 -41.776000 -63.739000 -7.460000 1
147374 -36.974000 -61.646000 -16.295000 1
150035 -41.324000 -64.988000 -11.624000 1
153028 -41.279000 -64.886000 -11.067000 1
154346 -43.665000 -63.418000 -8.900000 1
154696 -39.994000 -62.319000 -14.725000 1
155597 -44.053000 -59.755000 -5.786000 1
156039 -41.597000 -65.031000 -12.359000 1
157767 -43.188000 -64.157000 -8.559000 1
