# Freesurfer label: sub-04 rnd2 tmax2 day2VB unionROI
160
30739 -53.864000 -44.646000 -6.466000 1
30740 -54.126000 -44.083000 -6.559000 1
31655 -50.160000 -42.400000 -5.196000 1
31656 -51.622000 -42.736000 -5.436000 1
31657 -53.497000 -42.932000 -5.914000 1
31658 -54.120000 -43.283000 -6.462000 1
32665 -51.019000 -41.621000 -5.363000 1
32666 -52.125000 -41.809000 -5.514000 1
32667 -53.083000 -41.908000 -5.843000 1
33721 -50.713000 -40.763000 -5.339000 1
33722 -51.695000 -40.912000 -5.530000 1
34697 -48.618000 -39.153000 -4.850000 1
34698 -49.549000 -39.182000 -5.199000 1
34711 -50.421000 -39.247000 -5.521000 1
34712 -50.970000 -40.065000 -5.526000 1
34713 -51.751000 -40.126000 -5.864000 1
34765 -51.904000 -39.385000 -10.434000 1
35631 -48.265000 -38.349000 -4.842000 1
35632 -49.170000 -38.344000 -5.173000 1
35644 -49.988000 -38.403000 -5.540000 1
35645 -50.733000 -38.574000 -5.886000 1
35646 -51.405000 -38.889000 -6.228000 1
35663 -50.959000 -38.134000 -6.403000 1
35664 -51.703000 -38.689000 -6.742000 1
35705 -51.617000 -38.949000 -10.952000 1
36587 -47.976000 -37.585000 -4.805000 1
36588 -48.802000 -37.556000 -5.141000 1
36608 -49.084000 -36.869000 -5.472000 1
36609 -49.559000 -37.604000 -5.541000 1
36610 -50.259000 -37.797000 -5.928000 1
36628 -49.732000 -37.068000 -5.905000 1
36629 -50.317000 -37.414000 -6.417000 1
36630 -51.374000 -38.190000 -6.987000 1
36643 -50.749000 -37.589000 -8.019000 1
36644 -51.345000 -38.083000 -7.695000 1
36654 -51.076000 -37.767000 -9.317000 1
36655 -51.691000 -38.375000 -9.354000 1
36668 -51.058000 -37.760000 -10.461000 1
36669 -51.379000 -38.395000 -10.843000 1
36683 -50.953000 -37.879000 -11.364000 1
36684 -51.124000 -38.566000 -11.401000 1
37601 -46.339000 -36.359000 -4.227000 1
37603 -47.880000 -36.220000 -4.856000 1
37604 -48.504000 -36.215000 -5.352000 1
37622 -49.113000 -36.331000 -5.875000 1
37638 -49.760000 -36.777000 -6.485000 1
37639 -50.289000 -37.160000 -7.120000 1
37649 -49.103000 -36.249000 -6.773000 1
37650 -49.665000 -36.703000 -7.389000 1
37651 -50.091000 -37.150000 -7.918000 1
37658 -49.643000 -36.814000 -8.469000 1
37659 -50.314000 -37.296000 -8.843000 1
37671 -49.109000 -36.448000 -9.216000 1
37672 -49.945000 -36.914000 -9.620000 1
37673 -50.583000 -37.369000 -9.850000 1
37683 -49.618000 -36.338000 -10.388000 1
37684 -50.492000 -37.038000 -10.943000 1
37688 -50.282000 -36.616000 -11.957000 1
37689 -50.588000 -37.382000 -11.792000 1
37698 -50.023000 -36.354000 -12.578000 1
37699 -48.853000 -36.084000 -13.272000 1
37700 -49.668000 -35.784000 -13.102000 1
38640 -45.599000 -36.020000 -3.881000 1
38657 -47.172000 -35.594000 -4.480000 1
38675 -48.075000 -35.168000 -5.730000 1
38676 -48.458000 -35.775000 -5.612000 1
38689 -47.864000 -35.195000 -6.629000 1
38690 -48.568000 -35.707000 -6.203000 1
38698 -47.567000 -35.256000 -7.661000 1
38699 -48.349000 -35.750000 -7.182000 1
38707 -47.558000 -35.287000 -8.748000 1
38708 -48.309000 -35.930000 -8.921000 1
38719 -47.679000 -34.848000 -9.694000 1
38720 -48.741000 -35.860000 -9.915000 1
38730 -48.465000 -35.119000 -10.335000 1
38731 -49.404000 -35.520000 -10.931000 1
38732 -50.044000 -36.050000 -11.516000 1
38738 -49.945000 -35.134000 -11.932000 1
38739 -50.082000 -35.718000 -12.343000 1
38747 -47.199000 -36.122000 -13.179000 1
38748 -50.026000 -35.533000 -12.847000 1
38750 -47.086000 -35.061000 -13.481000 1
38751 -48.102000 -35.538000 -13.440000 1
38752 -49.082000 -35.199000 -13.444000 1
38753 -49.739000 -34.989000 -13.141000 1
39811 -47.543000 -34.630000 -5.282000 1
39827 -46.720000 -34.019000 -6.623000 1
39828 -47.454000 -34.588000 -6.114000 1
39836 -46.578000 -33.998000 -7.581000 1
39837 -47.112000 -34.645000 -7.141000 1
39847 -46.864000 -34.043000 -8.915000 1
39848 -46.930000 -34.605000 -8.214000 1
39862 -47.366000 -34.104000 -9.667000 1
39871 -48.218000 -34.212000 -10.548000 1
39872 -49.217000 -34.670000 -11.271000 1
39879 -49.095000 -33.946000 -11.495000 1
39880 -49.995000 -34.955000 -12.711000 1
39886 -49.780000 -34.268000 -13.273000 1
39888 -47.394000 -33.914000 -13.874000 1
39889 -48.381000 -34.407000 -13.733000 1
39890 -49.327000 -34.433000 -13.532000 1
40937 -46.463000 -33.393000 -6.122000 1
40938 -47.020000 -34.021000 -5.676000 1
40947 -46.272000 -33.233000 -7.128000 1
40958 -46.410000 -33.351000 -7.997000 1
40979 -46.704000 -33.377000 -8.686000 1
40980 -47.109000 -33.386000 -9.417000 1
40992 -47.693000 -33.405000 -10.269000 1
40998 -48.486000 -33.397000 -11.170000 1
40999 -49.346000 -33.413000 -12.232000 1
41004 -49.564000 -33.497000 -13.243000 1
41972 -46.215000 -32.245000 -7.221000 1
41984 -46.316000 -32.688000 -7.806000 1
42000 -46.599000 -32.699000 -8.441000 1
42018 -46.944000 -32.812000 -9.060000 1
42019 -47.429000 -32.538000 -9.845000 1
42032 -48.118000 -32.713000 -10.915000 1
42041 -48.772000 -32.848000 -11.799000 1
42042 -49.387000 -32.631000 -12.928000 1
42047 -49.474000 -32.617000 -13.916000 1
43049 -47.477000 -30.634000 -8.314000 1
43072 -47.193000 -31.339000 -8.653000 1
43091 -47.015000 -32.123000 -8.931000 1
43092 -47.539000 -31.556000 -9.525000 1
43106 -48.091000 -31.730000 -10.708000 1
43113 -48.675000 -32.211000 -11.851000 1
43114 -48.783000 -31.344000 -12.018000 1
43119 -49.287000 -31.171000 -13.396000 1
44109 -46.488000 -31.223000 -7.285000 1
44137 -47.757000 -30.778000 -9.061000 1
44138 -48.159000 -30.113000 -8.552000 1
44157 -48.023000 -30.879000 -9.970000 1
44158 -48.356000 -30.286000 -9.398000 1
44172 -48.471000 -30.332000 -10.174000 1
136611 -49.747000 -34.279000 -12.412000 1
139660 -52.802000 -43.433000 -5.651000 1
141402 -48.902000 -32.404000 -14.419000 1
142848 -47.164000 -34.619000 -9.069000 1
142900 -51.345000 -38.044000 -8.538000 1
143685 -46.103000 -32.617000 -6.407000 1
146457 -48.092000 -35.737000 -8.089000 1
146659 -48.198000 -33.491000 -14.187000 1
148396 -48.389000 -36.845000 -5.055000 1
149206 -45.665000 -35.044000 -3.771000 1
150691 -49.154000 -31.760000 -14.357000 1
150975 -48.859000 -36.294000 -7.984000 1
152525 -50.884000 -37.685000 -7.016000 1
153523 -51.176000 -39.365000 -5.841000 1
153563 -48.005000 -36.314000 -13.154000 1
153954 -47.931000 -35.411000 -5.092000 1
154090 -53.647000 -44.014000 -6.056000 1
154415 -52.401000 -41.372000 -5.687000 1
155025 -46.313000 -35.544000 -4.093000 1
156149 -51.490000 -38.195000 -10.099000 1
156820 -49.168000 -31.860000 -12.826000 1
158212 -52.694000 -42.544000 -5.615000 1
158358 -46.609000 -31.901000 -8.072000 1
158889 -47.731000 -36.954000 -4.719000 1
160072 -48.061000 -35.451000 -9.540000 1
160361 -46.614000 -33.912000 -8.282000 1
