# opus stage2 label
87
7071 -33.4876 -94.0977 0.3697 1
7804 -35.9555 -91.9110 2.2789 1
7809 -33.8415 -93.0956 1.1405 1
7810 -34.6616 -93.2353 1.7513 1
7811 -35.4408 -92.8097 1.9061 1
7812 -36.6746 -91.9280 2.7430 1
7826 -31.3378 -93.4810 0.0420 1
7827 -32.3657 -93.6022 0.5286 1
7828 -33.2170 -93.7291 0.8308 1
8611 -34.4035 -90.7984 2.4770 1
8612 -35.5987 -91.2408 2.8229 1
8613 -36.5457 -91.2067 2.8350 1
8614 -37.0809 -90.8526 2.9953 1
8630 -30.8287 -91.1742 1.2958 1
8631 -31.9213 -91.4085 1.5083 1
8632 -33.8036 -91.9455 1.7354 1
8633 -35.1046 -92.0881 1.9047 1
8652 -29.9643 -91.4905 0.8558 1
8653 -31.7187 -92.3539 0.6784 1
8654 -32.7810 -92.5005 1.2241 1
9432 -29.2905 -89.4931 2.5445 1
9433 -30.3292 -89.2396 2.3710 1
9434 -31.2946 -89.3208 1.9986 1
9435 -32.9458 -89.2455 2.5076 1
9436 -33.8674 -89.4617 2.8503 1
9437 -35.9905 -90.3588 3.0777 1
9438 -36.9288 -90.2243 3.6838 1
9439 -37.6387 -89.9721 3.3083 1
9457 -29.8891 -89.8952 1.5693 1
9458 -30.6749 -89.8310 1.4849 1
9459 -32.1487 -89.7715 1.7676 1
9460 -33.2633 -90.1934 2.0416 1
10207 -29.6340 -88.5003 3.6878 1
10208 -30.5980 -88.5629 3.8461 1
10209 -31.7401 -88.3573 4.1673 1
10211 -33.7021 -87.8081 4.1883 1
10225 -29.8583 -88.9489 3.2276 1
10226 -31.1615 -88.8422 2.7933 1
10227 -32.1588 -88.8519 2.7804 1
10228 -33.3750 -88.7491 4.0454 1
10229 -34.1221 -88.7920 4.0770 1
10230 -35.2729 -88.5237 3.7338 1
10231 -36.4543 -88.8309 3.7216 1
10232 -37.9101 -88.9502 3.4539 1
10234 -40.0204 -88.1376 3.5977 1
11050 -30.3393 -87.9961 4.3343 1
11054 -34.0014 -86.8543 4.5586 1
11055 -34.7699 -86.7109 4.1483 1
11064 -34.4977 -87.6081 3.9705 1
11065 -35.5891 -86.7705 3.7843 1
11066 -36.6570 -87.1525 3.6744 1
11067 -37.8780 -87.6957 3.6236 1
11069 -40.5397 -87.3732 3.3357 1
11998 -33.5613 -86.5092 4.9909 1
11999 -34.1033 -85.9692 4.8037 1
12000 -34.5665 -85.9123 4.4080 1
12018 -35.3571 -85.8937 3.8968 1
12019 -36.2157 -86.0568 3.6475 1
12020 -37.3290 -86.3443 3.4668 1
12021 -38.7168 -86.8383 3.4153 1
12022 -40.2128 -86.8112 3.4788 1
12955 -35.2036 -85.0991 4.2724 1
12971 -35.8872 -85.0952 3.6043 1
12972 -36.8895 -85.2730 3.4104 1
12973 -37.5598 -84.6350 3.2169 1
12974 -38.8219 -84.9079 3.2227 1
13850 -38.3793 -84.0176 3.1048 1
13851 -39.7637 -84.4333 3.2276 1
13852 -40.5177 -83.9477 3.1867 1
13868 -38.0168 -83.2087 2.7365 1
13869 -39.2621 -83.4369 3.1020 1
112878 -36.4567 -84.3818 3.1188 1
113168 -35.0628 -89.7236 3.1524 1
113622 -30.0501 -92.9670 0.3496 1
114968 -35.9248 -87.9218 3.7301 1
115599 -38.1584 -85.6355 3.4026 1
116849 -36.0008 -89.6128 3.7859 1
120219 -36.9052 -88.0705 3.7268 1
121666 -37.1330 -83.7064 2.7387 1
123430 -32.6962 -91.1215 1.7650 1
125189 -30.0167 -90.6878 1.3083 1
125522 -31.3232 -89.9990 1.4511 1
128674 -38.8323 -88.0255 3.7262 1
129136 -30.7903 -92.2934 0.5896 1
129773 -30.4041 -88.8745 3.2350 1
130036 -35.1514 -87.5444 3.9604 1
130414 -31.1116 -88.0387 4.4583 1
