# Freesurfer label: sub-02 rnd6 tmax2 day1VB unionROI
182
49044 -48.566000 -19.379000 -35.768000 1
49052 -48.914000 -18.878000 -36.059000 1
50295 -48.803000 -19.128000 -35.892000 1
51514 -42.230000 -16.417000 -32.064000 1
51515 -43.693000 -16.983000 -32.068000 1
51530 -43.174000 -17.880000 -32.675000 1
51532 -46.478000 -17.582000 -33.984000 1
51544 -47.075000 -18.498000 -34.944000 1
51546 -49.122000 -18.566000 -35.322000 1
51555 -47.819000 -18.038000 -35.889000 1
51556 -48.755000 -18.061000 -36.129000 1
51557 -48.845000 -18.402000 -36.088000 1
51563 -49.058000 -18.474000 -36.162000 1
52727 -43.039000 -16.325000 -31.753000 1
52728 -43.971000 -16.146000 -31.477000 1
52729 -44.745000 -15.912000 -31.533000 1
52744 -42.843000 -17.003000 -32.157000 1
52745 -44.660000 -16.769000 -32.021000 1
52746 -45.536000 -16.183000 -32.316000 1
52747 -46.171000 -16.760000 -33.258000 1
52756 -46.930000 -16.660000 -34.421000 1
52762 -47.733000 -17.131000 -35.527000 1
52763 -48.522000 -17.173000 -36.039000 1
52764 -49.178000 -17.460000 -35.653000 1
52768 -49.034000 -17.286000 -36.069000 1
53885 -42.373000 -15.664000 -31.806000 1
53886 -43.183000 -15.416000 -31.448000 1
53887 -44.221000 -15.067000 -31.085000 1
53888 -45.195000 -15.177000 -31.552000 1
53901 -45.957000 -15.156000 -32.438000 1
53902 -46.371000 -15.900000 -33.255000 1
53910 -46.986000 -15.612000 -34.281000 1
53911 -47.480000 -15.122000 -35.115000 1
53912 -49.149000 -16.486000 -34.759000 1
53917 -47.824000 -16.148000 -35.598000 1
53918 -49.312000 -15.183000 -35.640000 1
53919 -49.177000 -14.824000 -36.055000 1
53926 -48.829000 -16.098000 -36.191000 1
53927 -49.061000 -15.606000 -36.131000 1
54966 -41.037000 -14.337000 -26.898000 1
54967 -41.940000 -14.340000 -27.049000 1
55039 -43.005000 -13.112000 -31.537000 1
55053 -39.788000 -13.317000 -32.207000 1
55054 -41.626000 -13.616000 -32.103000 1
55055 -43.906000 -13.746000 -31.085000 1
55056 -44.812000 -14.172000 -31.185000 1
55061 -45.594000 -14.275000 -31.875000 1
55062 -46.285000 -14.305000 -32.699000 1
55068 -46.759000 -14.312000 -33.602000 1
55069 -47.277000 -14.335000 -34.599000 1
55070 -49.360000 -14.582000 -34.914000 1
55080 -47.828000 -14.444000 -35.667000 1
55081 -49.308000 -14.380000 -35.648000 1
55082 -49.112000 -14.243000 -36.056000 1
55091 -48.540000 -14.619000 -36.095000 1
55092 -49.032000 -14.783000 -36.210000 1
56118 -42.210000 -13.756000 -25.527000 1
56143 -41.624000 -14.120000 -26.189000 1
56144 -42.548000 -13.985000 -26.394000 1
56145 -43.462000 -13.549000 -26.736000 1
56169 -42.762000 -13.948000 -27.383000 1
56170 -43.494000 -13.279000 -27.919000 1
56171 -43.972000 -13.061000 -27.216000 1
56190 -41.880000 -13.621000 -28.770000 1
56191 -43.048000 -12.921000 -28.813000 1
56211 -41.467000 -12.808000 -29.580000 1
56212 -42.355000 -12.891000 -29.258000 1
56227 -43.473000 -12.448000 -31.431000 1
56234 -39.282000 -12.349000 -32.145000 1
56237 -41.958000 -12.348000 -32.039000 1
56238 -42.622000 -11.944000 -31.763000 1
56239 -44.432000 -13.009000 -31.236000 1
56240 -45.214000 -13.428000 -31.502000 1
56248 -45.987000 -13.260000 -32.237000 1
56260 -47.017000 -13.598000 -34.053000 1
56261 -47.527000 -13.606000 -35.241000 1
56270 -48.185000 -13.763000 -35.892000 1
56272 -49.179000 -13.661000 -35.711000 1
56275 -48.808000 -14.040000 -36.089000 1
57334 -44.426000 -12.595000 -26.980000 1
57343 -44.206000 -12.605000 -27.930000 1
57354 -43.631000 -12.435000 -28.852000 1
57371 -40.911000 -11.753000 -30.438000 1
57372 -41.873000 -11.834000 -30.154000 1
57373 -42.799000 -12.057000 -29.615000 1
57384 -41.340000 -10.831000 -30.868000 1
57396 -41.173000 -11.284000 -31.924000 1
57397 -41.936000 -11.015000 -31.951000 1
57398 -42.634000 -11.045000 -31.854000 1
57399 -43.794000 -11.655000 -31.519000 1
57400 -45.004000 -12.253000 -31.641000 1
57410 -45.906000 -11.947000 -32.502000 1
57420 -47.175000 -12.759000 -34.626000 1
57425 -47.365000 -11.914000 -35.167000 1
57426 -47.814000 -12.804000 -35.640000 1
57428 -48.950000 -12.884000 -35.691000 1
57431 -48.539000 -13.019000 -35.891000 1
58385 -44.891000 -11.993000 -26.567000 1
58391 -44.834000 -11.874000 -27.715000 1
58392 -45.270000 -11.308000 -27.090000 1
58399 -44.324000 -11.849000 -28.813000 1
58400 -44.900000 -11.228000 -28.682000 1
58415 -42.220000 -10.760000 -30.599000 1
58416 -42.764000 -10.428000 -30.637000 1
58417 -44.263000 -11.010000 -29.616000 1
58430 -40.420000 -11.303000 -31.691000 1
58433 -42.196000 -10.034000 -31.060000 1
58434 -42.670000 -9.907000 -30.933000 1
58449 -41.717000 -10.656000 -31.480000 1
58450 -42.121000 -10.290000 -31.474000 1
58451 -42.878000 -9.644000 -31.736000 1
58452 -44.008000 -10.296000 -32.078000 1
58462 -45.274000 -10.840000 -32.429000 1
58463 -46.093000 -11.185000 -33.011000 1
58472 -46.644000 -11.818000 -33.877000 1
58478 -48.085000 -11.913000 -35.752000 1
58479 -49.039000 -11.892000 -35.378000 1
58484 -48.472000 -11.309000 -35.686000 1
59458 -43.900000 -10.203000 -30.441000 1
59469 -42.439000 -9.937000 -31.299000 1
59470 -42.906000 -9.467000 -31.405000 1
59471 -44.396000 -9.491000 -30.455000 1
59483 -42.997000 -9.365000 -32.158000 1
59495 -42.879000 -8.927000 -32.179000 1
59496 -44.184000 -9.656000 -32.516000 1
59497 -45.627000 -10.353000 -33.125000 1
59506 -45.027000 -9.280000 -33.299000 1
59507 -46.315000 -10.040000 -34.070000 1
59514 -48.102000 -10.699000 -35.482000 1
60616 -43.029000 -8.662000 -31.667000 1
60617 -44.306000 -8.340000 -30.952000 1
60625 -42.802000 -8.467000 -32.039000 1
60632 -43.601000 -8.498000 -32.677000 1
60639 -44.569000 -8.267000 -33.457000 1
60640 -45.886000 -8.729000 -34.018000 1
61703 -43.221000 -7.876000 -31.849000 1
61704 -44.305000 -7.237000 -31.443000 1
61722 -43.893000 -7.405000 -33.141000 1
61728 -45.072000 -7.554000 -33.924000 1
61734 -47.624000 -8.695000 -34.706000 1
61735 -48.702000 -8.472000 -34.879000 1
61736 -49.541000 -8.538000 -34.826000 1
62790 -44.331000 -6.118000 -31.807000 1
62797 -44.301000 -6.062000 -32.430000 1
62803 -44.247000 -6.431000 -33.079000 1
62810 -44.656000 -6.761000 -33.678000 1
63841 -45.085000 -4.598000 -29.137000 1
63847 -44.838000 -4.355000 -30.021000 1
63853 -44.751000 -5.201000 -30.497000 1
63871 -45.010000 -6.011000 -33.698000 1
129369 -42.655000 -13.551000 -28.348000 1
130132 -44.823000 -6.381000 -30.889000 1
130400 -49.257000 -16.254000 -35.694000 1
131897 -43.740000 -6.968000 -32.331000 1
132031 -47.660000 -11.215000 -35.396000 1
133662 -43.424000 -11.351000 -29.841000 1
134629 -43.980000 -10.916000 -31.691000 1
134746 -42.308000 -14.645000 -31.760000 1
134761 -46.579000 -12.859000 -33.362000 1
134859 -48.279000 -15.274000 -35.975000 1
135533 -40.721000 -13.409000 -32.357000 1
135685 -42.674000 -10.333000 -31.786000 1
136652 -46.961000 -11.058000 -34.590000 1
136929 -43.193000 -14.315000 -31.358000 1
137400 -46.539000 -13.687000 -33.145000 1
137812 -39.643000 -11.560000 -31.493000 1
138370 -47.244000 -17.584000 -34.987000 1
138557 -40.461000 -14.371000 -31.968000 1
138859 -46.374000 -10.909000 -33.725000 1
140618 -49.273000 -15.489000 -34.829000 1
142305 -47.024000 -14.880000 -34.093000 1
142943 -46.537000 -15.023000 -33.338000 1
144473 -44.960000 -11.308000 -31.946000 1
146105 -48.848000 -15.275000 -36.240000 1
148839 -44.613000 -5.352000 -31.286000 1
150354 -43.284000 -7.860000 -32.271000 1
152965 -41.731000 -14.489000 -31.969000 1
152975 -48.661000 -18.804000 -36.089000 1
153260 -42.423000 -13.633000 -31.746000 1
153658 -46.751000 -8.656000 -34.439000 1
154200 -48.061000 -11.285000 -35.673000 1
155111 -43.473000 -10.580000 -30.353000 1
