# Freesurfer label: sub-02 rnd3 tmax1 day2VA unionROI
126
35685 -35.146000 -31.228000 -30.724000 1
36718 -34.352000 -30.153000 -29.990000 1
36719 -36.072000 -29.981000 -30.001000 1
36720 -36.249000 -30.341000 -29.973000 1
36730 -34.848000 -30.643000 -30.508000 1
36731 -35.626000 -30.528000 -30.303000 1
37706 -39.992000 -29.405000 -24.567000 1
37707 -41.172000 -29.476000 -24.440000 1
37719 -39.669000 -29.843000 -25.289000 1
37720 -40.544000 -29.982000 -24.913000 1
37749 -37.685000 -29.048000 -28.808000 1
37750 -38.204000 -29.013000 -28.208000 1
37759 -35.421000 -29.968000 -30.071000 1
37760 -36.205000 -29.533000 -29.754000 1
37761 -36.611000 -29.693000 -29.674000 1
37762 -37.178000 -29.363000 -29.280000 1
38773 -39.860000 -28.052000 -23.756000 1
38774 -40.741000 -28.233000 -23.348000 1
38791 -39.540000 -28.490000 -24.520000 1
38792 -40.456000 -28.813000 -23.968000 1
38793 -41.670000 -28.743000 -23.789000 1
38813 -38.938000 -27.436000 -27.623000 1
38822 -38.575000 -28.198000 -27.899000 1
38830 -33.584000 -28.513000 -28.345000 1
38831 -34.602000 -28.623000 -28.418000 1
38832 -35.697000 -28.618000 -28.649000 1
38833 -36.755000 -28.527000 -28.930000 1
38834 -37.462000 -28.789000 -28.935000 1
38838 -34.113000 -29.115000 -28.903000 1
38839 -35.176000 -29.148000 -29.053000 1
38840 -36.141000 -29.050000 -29.374000 1
39834 -40.775000 -27.080000 -22.334000 1
39850 -39.353000 -27.063000 -23.796000 1
39851 -40.231000 -27.559000 -23.010000 1
39874 -39.246000 -26.738000 -27.433000 1
39884 -33.355000 -27.362000 -27.449000 1
39885 -34.458000 -27.495000 -27.355000 1
39886 -35.621000 -27.530000 -27.419000 1
39887 -36.765000 -27.295000 -27.865000 1
39888 -37.882000 -26.898000 -28.410000 1
39889 -38.678000 -27.234000 -28.217000 1
39890 -39.066000 -26.741000 -28.015000 1
39896 -33.223000 -28.024000 -27.870000 1
39897 -34.027000 -28.079000 -27.813000 1
39898 -35.107000 -28.153000 -27.881000 1
39899 -36.253000 -28.056000 -28.176000 1
39900 -37.333000 -27.810000 -28.569000 1
39901 -38.077000 -27.525000 -28.560000 1
39902 -38.486000 -27.176000 -28.405000 1
41036 -39.789000 -25.686000 -22.645000 1
41037 -40.520000 -26.189000 -22.165000 1
41052 -39.280000 -25.967000 -23.503000 1
41053 -39.905000 -26.654000 -22.789000 1
41061 -38.976000 -26.048000 -24.706000 1
41068 -39.152000 -25.987000 -26.018000 1
41085 -35.388000 -26.057000 -26.586000 1
41086 -36.492000 -25.888000 -26.845000 1
41087 -39.452000 -25.935000 -27.206000 1
41101 -34.964000 -26.853000 -26.891000 1
41102 -36.101000 -26.784000 -27.021000 1
41103 -37.172000 -26.467000 -27.580000 1
41104 -38.674000 -26.377000 -28.253000 1
41105 -38.919000 -26.598000 -28.235000 1
41106 -39.297000 -26.122000 -27.918000 1
42224 -39.792000 -24.887000 -22.568000 1
42225 -40.359000 -25.249000 -22.095000 1
42239 -39.335000 -25.027000 -23.238000 1
42248 -39.004000 -25.140000 -24.300000 1
42277 -34.735000 -25.339000 -26.288000 1
42278 -35.773000 -25.189000 -26.348000 1
42279 -36.947000 -24.943000 -26.721000 1
42280 -38.380000 -24.658000 -27.344000 1
42281 -39.557000 -25.057000 -26.855000 1
42289 -37.633000 -25.603000 -27.451000 1
42290 -38.682000 -25.619000 -27.907000 1
42291 -39.213000 -25.834000 -28.046000 1
42292 -39.427000 -25.186000 -27.578000 1
43428 -39.129000 -24.298000 -23.894000 1
43438 -39.317000 -23.433000 -25.800000 1
43447 -37.412000 -23.936000 -26.587000 1
43448 -38.648000 -23.665000 -27.009000 1
43449 -39.247000 -23.757000 -27.064000 1
43450 -39.474000 -24.211000 -26.424000 1
43460 -39.245000 -24.976000 -27.661000 1
43461 -39.385000 -24.485000 -27.388000 1
43462 -39.506000 -24.322000 -27.176000 1
44527 -39.236000 -22.749000 -25.058000 1
44540 -39.196000 -22.722000 -26.046000 1
44556 -36.426000 -23.289000 -26.111000 1
44557 -37.654000 -22.924000 -26.389000 1
44558 -38.632000 -22.806000 -26.516000 1
44559 -39.027000 -22.840000 -26.399000 1
45664 -39.174000 -21.948000 -25.325000 1
45679 -35.524000 -22.662000 -26.285000 1
45680 -36.518000 -21.542000 -26.373000 1
45681 -37.584000 -21.864000 -26.177000 1
45682 -38.481000 -21.724000 -26.091000 1
45683 -38.960000 -21.889000 -25.908000 1
45695 -34.907000 -22.293000 -26.802000 1
46774 -35.621000 -21.831000 -26.688000 1
46775 -35.536000 -21.534000 -27.306000 1
46776 -36.966000 -20.938000 -26.385000 1
130638 -39.092000 -27.777000 -25.403000 1
130796 -39.136000 -26.840000 -26.358000 1
131898 -39.011000 -26.945000 -25.091000 1
132040 -39.191000 -25.112000 -25.614000 1
134516 -38.984000 -27.646000 -26.594000 1
135128 -37.524000 -28.359000 -28.797000 1
135332 -39.110000 -24.290000 -25.080000 1
135409 -34.743000 -29.606000 -29.529000 1
136338 -38.099000 -28.097000 -28.563000 1
140351 -38.818000 -28.465000 -26.870000 1
140570 -39.191000 -23.547000 -24.542000 1
141387 -39.160000 -28.795000 -25.551000 1
141849 -39.363000 -23.546000 -26.671000 1
142479 -36.517000 -22.288000 -26.153000 1
143399 -38.521000 -26.925000 -28.418000 1
145944 -36.173000 -21.239000 -26.767000 1
146641 -39.334000 -27.697000 -24.478000 1
147584 -39.144000 -24.257000 -27.398000 1
148114 -39.336000 -23.625000 -23.680000 1
148725 -38.064000 -26.176000 -28.041000 1
148852 -41.603000 -28.201000 -23.145000 1
150145 -36.911000 -29.027000 -29.382000 1
150912 -35.606000 -29.472000 -29.632000 1
152847 -41.194000 -29.930000 -24.898000 1
