# Freesurfer label: sub-02 rnd1 tmax2 day1VA unionROI
123
30130 -37.075000 -36.096000 -29.700000 1
30131 -37.947000 -36.268000 -29.558000 1
30132 -38.762000 -36.187000 -29.653000 1
30141 -37.457000 -36.756000 -30.108000 1
30142 -38.309000 -36.695000 -30.156000 1
30143 -39.807000 -36.237000 -30.911000 1
30152 -38.745000 -36.965000 -30.981000 1
30153 -39.194000 -36.866000 -32.004000 1
30154 -39.717000 -36.315000 -32.005000 1
30166 -39.440000 -36.505000 -33.043000 1
31244 -38.831000 -35.013000 -28.636000 1
31245 -39.746000 -35.073000 -28.812000 1
31251 -36.658000 -35.243000 -29.491000 1
31252 -37.569000 -35.589000 -29.228000 1
31253 -38.404000 -35.692000 -29.121000 1
31254 -39.235000 -35.638000 -29.196000 1
31255 -40.023000 -35.480000 -29.514000 1
31264 -39.563000 -36.022000 -29.953000 1
31265 -40.254000 -35.712000 -30.482000 1
31276 -40.234000 -35.746000 -31.656000 1
31287 -39.890000 -35.632000 -33.502000 1
32408 -38.017000 -34.489000 -28.620000 1
32409 -40.212000 -34.460000 -28.511000 1
32410 -40.464000 -34.867000 -29.150000 1
32411 -40.928000 -34.246000 -28.818000 1
32416 -36.724000 -34.489000 -29.236000 1
32417 -37.189000 -34.066000 -28.864000 1
32418 -40.688000 -35.157000 -30.011000 1
32419 -41.124000 -34.549000 -29.670000 1
32429 -40.808000 -35.243000 -31.022000 1
32430 -41.255000 -34.569000 -31.358000 1
32442 -40.605000 -34.984000 -32.277000 1
32443 -41.065000 -34.110000 -32.584000 1
33558 -39.344000 -33.216000 -27.782000 1
33559 -40.282000 -33.246000 -27.679000 1
33560 -41.114000 -33.167000 -27.787000 1
33568 -37.825000 -33.569000 -28.491000 1
33569 -38.417000 -33.020000 -28.087000 1
33570 -39.816000 -33.931000 -28.047000 1
33571 -40.641000 -33.808000 -28.172000 1
33572 -41.389000 -33.536000 -28.528000 1
33573 -42.139000 -33.087000 -29.142000 1
33578 -36.460000 -33.718000 -29.400000 1
33579 -36.959000 -33.123000 -28.954000 1
33580 -41.591000 -33.887000 -29.372000 1
33581 -42.558000 -32.851000 -30.051000 1
33591 -35.781000 -33.537000 -30.047000 1
33592 -41.737000 -33.770000 -31.612000 1
33593 -42.264000 -33.350000 -30.785000 1
33603 -41.616000 -33.328000 -32.797000 1
33604 -42.219000 -32.926000 -31.841000 1
34600 -40.533000 -32.138000 -26.817000 1
34601 -41.224000 -32.064000 -26.829000 1
34611 -39.828000 -32.484000 -27.273000 1
34612 -40.785000 -32.654000 -27.246000 1
34613 -41.517000 -32.446000 -27.479000 1
34614 -42.212000 -32.033000 -27.901000 1
34621 -37.564000 -32.594000 -28.542000 1
34622 -38.081000 -32.125000 -28.119000 1
34623 -41.815000 -32.784000 -28.225000 1
34624 -42.470000 -32.279000 -28.702000 1
34632 -36.878000 -32.113000 -29.207000 1
34633 -43.151000 -31.980000 -30.134000 1
34645 -35.745000 -32.086000 -30.371000 1
34646 -42.783000 -32.535000 -30.979000 1
34647 -43.263000 -31.687000 -31.171000 1
34655 -42.826000 -32.151000 -31.978000 1
34656 -43.329000 -31.472000 -31.989000 1
34661 -43.089000 -31.714000 -32.927000 1
35621 -41.473000 -30.918000 -25.963000 1
35638 -39.843000 -31.717000 -26.712000 1
35639 -40.792000 -31.551000 -26.273000 1
35640 -41.656000 -31.395000 -26.526000 1
35641 -42.352000 -31.006000 -26.896000 1
35650 -38.454000 -31.744000 -27.754000 1
35651 -39.049000 -31.766000 -27.281000 1
35652 -41.922000 -31.740000 -27.164000 1
35653 -42.591000 -31.228000 -27.640000 1
35661 -37.429000 -31.630000 -28.711000 1
35662 -37.934000 -31.264000 -28.231000 1
35663 -42.833000 -31.472000 -28.438000 1
35673 -36.319000 -31.626000 -29.864000 1
35674 -36.875000 -31.131000 -29.376000 1
35675 -43.037000 -31.730000 -29.225000 1
35686 -35.845000 -31.157000 -30.334000 1
35693 -43.775000 -30.931000 -31.472000 1
35697 -43.726000 -30.891000 -32.357000 1
36676 -40.211000 -30.471000 -25.451000 1
36677 -41.205000 -30.379000 -25.327000 1
36678 -42.261000 -30.180000 -25.753000 1
36688 -38.983000 -30.234000 -26.589000 1
36689 -39.836000 -30.955000 -26.145000 1
36690 -40.741000 -30.930000 -25.750000 1
36691 -42.093000 -30.797000 -26.309000 1
36698 -38.390000 -30.096000 -27.622000 1
36699 -39.036000 -31.005000 -26.949000 1
36707 -37.407000 -30.690000 -28.875000 1
36708 -37.916000 -30.403000 -28.323000 1
36721 -36.912000 -30.185000 -29.539000 1
36737 -44.207000 -30.355000 -31.818000 1
37730 -38.634000 -29.261000 -27.234000 1
37731 -39.063000 -29.521000 -26.169000 1
134784 -35.321000 -31.806000 -30.687000 1
135147 -41.714000 -34.140000 -30.440000 1
137440 -39.516000 -30.257000 -25.864000 1
138818 -38.431000 -31.052000 -27.667000 1
139119 -37.474000 -29.799000 -28.941000 1
139471 -42.673000 -32.403000 -29.436000 1
139999 -36.220000 -32.700000 -29.749000 1
140083 -37.912000 -29.629000 -28.448000 1
140383 -42.285000 -32.585000 -32.920000 1
141961 -35.616000 -32.838000 -30.388000 1
142532 -39.110000 -36.492000 -30.405000 1
142701 -42.785000 -30.245000 -26.545000 1
144541 -37.347000 -34.879000 -28.972000 1
145585 -39.500000 -34.528000 -28.403000 1
146040 -38.827000 -34.018000 -28.206000 1
147032 -38.852000 -32.424000 -27.662000 1
147727 -41.171000 -34.766000 -30.487000 1
148947 -38.028000 -35.173000 -28.842000 1
149608 -36.421000 -30.821000 -29.865000 1
152883 -42.141000 -33.535000 -29.932000 1
154725 -39.358000 -36.606000 -31.204000 1
