# Stage2 ROI 3
123
30130 -37.549953 -34.185863 -32.469864 1
30131 -37.751717 -34.057465 -32.210117 1
30132 -37.927898 -33.784325 -32.073177 1
30141 -37.289486 -34.345261 -32.935074 1
30142 -37.474628 -34.158936 -32.729885 1
30143 -37.585258 -33.541759 -32.840622 1
30152 -37.068390 -34.222862 -33.390018 1
30153 -36.956535 -34.358715 -34.178524 1
30154 -37.226658 -33.738220 -33.979179 1
30166 -37.039539 -34.049412 -35.479679 1
31244 -38.680977 -33.148155 -31.094278 1
31245 -38.867188 -32.972576 -30.932281 1
31251 -37.735756 -33.966103 -32.280647 1
31252 -37.986130 -33.890228 -31.860888 1
31253 -38.203255 -33.628178 -31.675720 1
31254 -38.412846 -33.402439 -31.487265 1
31255 -38.582512 -33.137459 -31.502182 1
31264 -38.080643 -33.552990 -32.036133 1
31265 -38.220486 -33.259495 -32.169300 1
31276 -37.503895 -33.016994 -33.388187 1
31287 -37.486332 -33.279339 -35.654339 1
32408 -38.673443 -33.079620 -31.265116 1
32409 -39.302998 -32.433723 -30.545311 1
32410 -38.872330 -32.537094 -31.000753 1
32411 -39.544559 -32.043339 -30.639526 1
32416 -37.975403 -33.351742 -32.113197 1
32417 -38.407551 -32.961174 -31.751982 1
32418 -38.552456 -32.643002 -31.661434 1
32419 -39.098808 -32.082390 -31.298523 1
32429 -38.053238 -32.487511 -32.575809 1
32430 -38.320633 -31.772940 -32.811741 1
32442 -37.928822 -32.412857 -33.963173 1
32443 -38.459435 -31.600605 -34.245289 1
33558 -39.879303 -31.707109 -30.293472 1
33559 -40.168034 -31.434509 -29.978317 1
33560 -40.338703 -31.145903 -29.740707 1
33568 -38.741596 -32.403397 -31.051767 1
33569 -39.250900 -31.814428 -30.585094 1
33570 -39.579735 -32.152813 -30.355629 1
33571 -39.872570 -31.876188 -30.170641 1
33572 -40.106846 -31.555311 -30.013737 1
33573 -40.401340 -30.729679 -30.470110 1
33578 -38.080830 -32.816528 -32.469803 1
33579 -38.436001 -32.242443 -31.861574 1
33580 -39.709938 -31.506197 -30.902267 1
33581 -40.004761 -29.871096 -31.264719 1
33591 -37.478027 -32.743057 -33.039257 1
33592 -38.770084 -30.870617 -33.004314 1
33593 -39.352943 -30.303799 -32.054798 1
33603 -39.146545 -30.735226 -34.468571 1
33604 -39.395447 -29.907486 -33.199543 1
34600 -40.852192 -30.094320 -29.409981 1
34601 -40.895409 -29.928886 -29.030514 1
34611 -40.494522 -30.787540 -29.949430 1
34612 -40.582249 -30.670732 -29.494156 1
34613 -40.789474 -30.258505 -29.387222 1
34614 -41.115479 -29.490417 -29.526272 1
34621 -38.818977 -31.709881 -31.093679 1
34622 -39.396656 -31.218805 -30.682566 1
34623 -40.655750 -30.591154 -29.784336 1
34624 -40.965340 -29.831484 -30.016529 1
34632 -38.432137 -31.354160 -32.066242 1
34633 -40.601204 -28.666824 -31.181986 1
34645 -36.920818 -31.238979 -33.222008 1
34646 -39.933052 -29.295366 -32.132847 1
34647 -40.843887 -28.357689 -32.283260 1
34655 -40.334126 -28.990236 -33.361397 1
34656 -41.242874 -28.230528 -33.297874 1
34661 -41.056564 -28.551685 -34.771378 1
35621 -41.514912 -28.330898 -28.027609 1
35638 -40.922043 -29.930485 -29.500780 1
35639 -41.156349 -29.285345 -28.764526 1
35640 -41.372952 -28.796078 -28.573637 1
35641 -41.767670 -28.066635 -28.717461 1
35650 -40.295467 -30.778816 -30.468918 1
35651 -40.632164 -30.439375 -30.119574 1
35652 -41.235245 -29.183229 -29.019176 1
35653 -41.728695 -28.461679 -29.200480 1
35661 -38.920338 -30.931004 -31.313744 1
35662 -39.640564 -30.548178 -30.932192 1
35663 -41.468685 -28.741194 -29.709452 1
35673 -37.738609 -30.740351 -32.927563 1
35674 -38.397709 -30.298939 -32.417831 1
35675 -41.216476 -28.924082 -30.292185 1
35686 -36.998417 -29.963585 -33.738205 1
35693 -41.895958 -27.472336 -32.577286 1
35697 -42.130939 -27.638838 -33.703381 1
36676 -41.609631 -28.206736 -28.144346 1
36677 -41.964428 -27.546282 -27.879902 1
36678 -42.353115 -26.945616 -27.853497 1
36688 -41.387012 -28.903347 -29.508724 1
36689 -41.258392 -29.050896 -28.904749 1
36690 -41.467155 -28.515333 -28.296827 1
36691 -41.759609 -27.993418 -28.068439 1
36698 -40.995579 -29.219687 -30.523991 1
36699 -41.015881 -29.700397 -29.815081 1
36707 -39.149921 -30.003441 -31.712345 1
36708 -40.027462 -29.687689 -31.175508 1
36721 -38.369621 -29.352158 -32.519897 1
36737 -42.919071 -26.907967 -32.922695 1
37730 -41.395992 -28.361326 -30.039736 1
37731 -41.767212 -28.191000 -29.016254 1
134784 -36.270000 -30.747557 -33.808876 1
135147 -39.034775 -31.371424 -31.806635 1
137440 -41.486168 -28.528421 -28.601851 1
138818 -40.643147 -30.108953 -30.507751 1
139119 -39.388931 -29.050056 -31.839130 1
139471 -40.825649 -29.831421 -30.629045 1
139999 -37.809784 -31.919565 -32.718937 1
140083 -40.194874 -28.917231 -31.310980 1
140383 -39.971416 -29.758593 -34.633682 1
141961 -36.881405 -32.049438 -33.131973 1
142532 -37.577633 -33.875443 -32.677601 1
142701 -42.286282 -26.975451 -28.307793 1
144541 -38.212440 -33.697826 -31.481892 1
145585 -39.054806 -32.616287 -30.703398 1
146040 -39.065804 -32.446266 -30.657629 1
147032 -40.175545 -31.187223 -30.324141 1
147727 -38.615417 -32.111568 -31.976767 1
148947 -38.339634 -33.545612 -31.384724 1
149608 -37.794151 -29.897438 -33.014957 1
152883 -39.762157 -30.870325 -31.179558 1
154725 -37.133759 -33.860027 -33.279469 1
